
48 15 18 10 5 
48 10 16 16 6 
48 17 15 10 6 
48 15 14 10 9 
48 16 8 9 15 
48 24 8 8 8 
48 18 11 10 9 
48 8 19 9 12 
48 18 18 9 3 
48 13 15 8 12 
48 16 11 11 10 
48 12 18 16 2 
48 17 10 13 8 
48 10 17 15 6 
48 12 11 11 14 
48 17 13 10 8 
48 16 10 13 9 
48 8 17 12 11 
48 21 9 11 7 
48 15 14 16 3 
48 16 12 9 11 
48 17 14 10 7 
48 7 18 8 15 
48 9 13 13 13 
48 16 13 13 6 
48 15 6 12 15 
48 24 11 9 4 
48 22 3 18 5 
48 21 11 9 7 
48 17 7 9 15 
48 22 10 9 7 
48 9 11 13 15 
48 11 21 10 6 
48 11 17 14 6 
48 12 14 8 14 
48 16 15 9 8 
48 21 8 14 5 
48 16 8 11 13 
48 21 5 12 10 
48 14 24 3 7 
48 14 23 4 7 
48 18 11 11 8 
48 17 7 10 14 
48 16 6 12 14 
48 13 13 14 8 
48 18 8 11 11 
48 15 20 8 5 
48 10 15 11 12 
48 14 11 12 11 
48 22 16 7 3 
48 25 7 5 11 
48 13 14 16 5 
48 21 11 8 8 
48 12 14 8 14 
48 9 16 9 14 
48 13 11 7 17 
48 17 18 4 9 
48 17 10 6 15 
48 20 16 7 5 
48 13 14 11 10 
48 17 15 6 10 
48 15 10 12 11 
48 16 8 13 11 
48 19 8 8 13 
48 17 7 15 9 
48 16 6 18 8 
48 9 14 15 10 
48 12 12 15 9 
48 11 14 10 13 
48 14 10 11 13 
48 8 18 14 8 
48 17 10 6 15 
48 10 22 11 5 
48 15 11 11 11 
48 15 17 8 8 
48 24 15 6 3 
48 16 8 12 12 
48 9 11 16 12 
48 16 10 13 9 
48 12 14 9 13 
48 23 9 9 7 
48 15 11 10 12 
48 12 12 10 14 
48 17 10 10 11 
48 18 8 13 9 
48 24 11 7 6 
48 15 12 12 9 
48 10 21 7 10 
48 20 7 2 17 2 
48 13 8 18 9 
48 21 5 8 14 
48 20 8 14 6 
48 14 15 13 6 
48 18 15 13 2 
48 14 14 7 13 
48 13 12 11 12 
48 11 16 10 11 
48 17 11 13 7 
48 15 24 1 8 
48 13 12 11 12 
