c k n p q num_opinions_initial num_components_initial avg_num_cross_connections avg_num_within_connections avg_opinion_divergence num_components_final num_successful num_unsuccessful num_neighbourless_speaker num_opinions_final num_timesteps
4 12 48 0.780000 0.060000 4 1 14.500000 53.000000 2.000000 4 195 45 0 4 240
4 12 48 0.780000 0.060000 4 1 12.000000 50.750000 3.500000 4 215 74 0 4 289
4 12 48 0.780000 0.060000 4 1 14.750000 51.000000 2.250000 4 208 58 0 4 266
4 12 48 0.780000 0.060000 4 1 15.000000 50.500000 2.000000 4 222 32 0 4 254
4 12 48 0.780000 0.060000 4 1 9.250000 52.000000 3.250000 4 172 46 0 4 218
4 12 48 0.780000 0.060000 4 1 14.500000 48.000000 2.500000 4 161 36 0 4 197
4 12 48 0.780000 0.060000 4 1 13.500000 51.750000 2.750000 4 214 59 0 4 273
4 12 48 0.780000 0.060000 4 1 12.250000 52.250000 2.750000 4 158 34 0 4 192
4 12 48 0.780000 0.060000 4 1 14.000000 52.250000 3.500000 4 277 77 0 4 354
4 12 48 0.780000 0.060000 4 1 12.750000 48.250000 2.000000 4 159 25 0 4 184
4 12 48 0.780000 0.060000 4 1 14.250000 50.750000 2.250000 4 171 45 0 4 216
4 12 48 0.780000 0.060000 4 1 13.500000 53.750000 2.250000 4 184 44 0 4 228
4 12 48 0.780000 0.060000 4 1 10.500000 50.500000 3.250000 4 182 60 0 4 242
4 12 48 0.780000 0.060000 4 1 13.000000 52.500000 1.500000 4 183 39 0 4 222
4 12 48 0.780000 0.060000 4 1 10.750000 52.000000 2.000000 4 131 20 0 4 151
4 12 48 0.780000 0.060000 4 1 13.500000 49.500000 3.500000 4 241 55 0 4 296
4 12 48 0.780000 0.060000 4 1 14.750000 53.750000 3.750000 4 31160 320 0 4 31480
4 12 48 0.780000 0.060000 4 1 11.500000 48.500000 2.250000 4 151 37 0 4 188
4 12 48 0.780000 0.060000 4 1 12.250000 50.500000 2.000000 4 155 32 0 4 187
4 12 48 0.780000 0.060000 4 1 13.250000 52.250000 2.750000 4 185 52 0 4 237
4 12 48 0.780000 0.060000 4 1 13.500000 50.250000 2.250000 4 155 25 0 4 180
4 12 48 0.780000 0.060000 4 1 13.000000 50.250000 2.250000 4 220 56 0 4 276
4 12 48 0.780000 0.060000 4 1 11.000000 51.250000 2.750000 4 179 37 0 4 216
4 12 48 0.780000 0.060000 4 1 12.000000 51.750000 3.000000 4 197 53 0 4 250
4 12 48 0.780000 0.060000 4 1 15.000000 48.250000 2.500000 4 178 36 0 4 214
4 12 48 0.780000 0.060000 4 1 11.750000 50.750000 2.000000 4 183 38 0 4 221
4 12 48 0.780000 0.060000 4 1 14.500000 55.500000 2.250000 4 234 53 0 4 287
4 12 48 0.780000 0.060000 4 1 14.000000 52.250000 3.000000 4 197 78 0 4 275
4 12 48 0.780000 0.060000 4 1 14.000000 54.250000 1.750000 4 269 56 0 4 325
4 12 48 0.780000 0.060000 4 1 16.250000 52.000000 2.750000 4 219 51 0 4 270
4 12 48 0.780000 0.060000 4 1 13.750000 50.250000 3.000000 4 154 45 0 4 199
4 12 48 0.780000 0.060000 4 1 14.750000 53.750000 3.750000 4 1080 69 0 4 1149
4 12 48 0.780000 0.060000 4 1 12.500000 51.750000 2.000000 4 219 52 0 4 271
4 12 48 0.780000 0.060000 4 1 14.000000 50.500000 2.500000 4 203 33 0 4 236
4 12 48 0.780000 0.060000 4 1 12.000000 51.000000 2.500000 4 139 22 0 4 161
4 12 48 0.780000 0.060000 4 1 12.250000 53.000000 3.250000 4 283 48 0 4 331
4 12 48 0.780000 0.060000 4 1 12.750000 51.250000 3.250000 4 228 71 0 4 299
4 12 48 0.780000 0.060000 4 1 9.750000 53.250000 2.750000 4 190 35 0 4 225
4 12 48 0.780000 0.060000 4 1 10.000000 54.500000 3.000000 4 127 31 0 4 158
4 12 48 0.780000 0.060000 4 1 15.000000 54.500000 2.000000 4 205 56 0 4 261
4 12 48 0.780000 0.060000 4 1 12.250000 55.500000 3.750000 4 159 65 0 4 224
4 12 48 0.780000 0.060000 4 1 12.000000 51.750000 2.750000 4 246 70 0 4 316
4 12 48 0.780000 0.060000 4 1 12.750000 52.750000 2.750000 4 218 47 0 4 265
4 12 48 0.780000 0.060000 4 1 13.250000 51.250000 2.500000 4 221 40 0 4 261
4 12 48 0.780000 0.060000 4 1 15.500000 48.500000 1.250000 4 152 22 0 4 174
4 12 48 0.780000 0.060000 4 1 11.500000 54.250000 3.250000 4 181 53 0 4 234
4 12 48 0.780000 0.060000 4 1 13.500000 50.500000 2.000000 4 266 37 0 4 303
4 12 48 0.780000 0.060000 4 1 10.500000 49.250000 3.000000 4 161 35 0 4 196
4 12 48 0.780000 0.060000 4 1 12.250000 52.250000 2.250000 4 165 33 0 4 198
4 12 48 0.780000 0.060000 4 1 14.250000 52.250000 2.250000 4 194 56 0 4 250
4 12 48 0.780000 0.060000 4 1 12.750000 50.500000 2.500000 4 202 50 0 4 252
4 12 48 0.780000 0.060000 4 1 11.750000 53.250000 2.750000 4 177 37 0 4 214
4 12 48 0.780000 0.060000 4 1 12.250000 55.000000 2.500000 4 219 32 0 4 251
4 12 48 0.780000 0.060000 4 1 12.250000 52.750000 1.500000 4 144 20 0 4 164
4 12 48 0.780000 0.060000 4 1 12.750000 52.250000 2.000000 4 123 23 0 4 146
4 12 48 0.780000 0.060000 4 1 11.000000 50.000000 3.250000 4 178 62 0 4 240
4 12 48 0.780000 0.060000 4 1 15.250000 54.500000 2.500000 4 182 37 0 4 219
4 12 48 0.780000 0.060000 4 1 13.500000 54.500000 2.250000 4 164 39 0 4 203
4 12 48 0.780000 0.060000 4 1 12.250000 49.000000 3.500000 4 134 37 0 4 171
4 12 48 0.780000 0.060000 4 1 13.500000 50.250000 1.750000 4 142 26 0 4 168
4 12 48 0.780000 0.060000 4 1 12.000000 51.500000 2.000000 4 144 25 0 4 169
4 12 48 0.780000 0.060000 4 1 10.000000 53.500000 2.750000 4 208 36 0 4 244
4 12 48 0.780000 0.060000 4 1 16.000000 52.000000 3.500000 4 181 57 0 4 238
4 12 48 0.780000 0.060000 4 1 12.750000 50.250000 2.250000 4 168 33 0 4 201
4 12 48 0.780000 0.060000 4 1 11.250000 50.750000 3.500000 4 178 57 0 4 235
4 12 48 0.780000 0.060000 4 1 13.250000 51.000000 2.500000 4 195 51 0 4 246
4 12 48 0.780000 0.060000 4 1 14.500000 50.000000 3.000000 4 176 22 0 4 198
4 12 48 0.780000 0.060000 4 1 14.750000 49.500000 1.750000 4 186 34 0 4 220
4 12 48 0.780000 0.060000 4 1 10.000000 53.750000 2.500000 4 168 31 0 4 199
4 12 48 0.780000 0.060000 4 1 10.500000 51.750000 2.750000 4 154 31 0 4 185
4 12 48 0.780000 0.060000 4 1 12.250000 47.000000 1.750000 4 130 27 0 4 157
4 12 48 0.780000 0.060000 4 1 15.250000 48.500000 2.250000 4 159 29 0 4 188
4 12 48 0.780000 0.060000 4 1 9.500000 47.750000 2.750000 4 189 49 0 4 238
4 12 48 0.780000 0.060000 4 1 11.500000 49.000000 2.000000 4 220 29 0 4 249
4 12 48 0.780000 0.060000 4 1 13.250000 49.750000 2.250000 4 185 47 0 4 232
4 12 48 0.780000 0.060000 4 1 16.500000 50.500000 2.750000 4 147 72 0 4 219
4 12 48 0.780000 0.060000 4 1 11.000000 49.000000 2.500000 4 164 41 0 4 205
4 12 48 0.780000 0.060000 4 1 16.750000 50.250000 1.500000 4 200 41 0 4 241
4 12 48 0.780000 0.060000 4 1 11.000000 52.250000 2.250000 4 151 38 0 4 189
4 12 48 0.780000 0.060000 4 1 13.250000 50.250000 2.250000 4 151 41 0 4 192
4 12 48 0.780000 0.060000 4 1 15.000000 52.000000 2.500000 4 232 55 0 4 287
4 12 48 0.780000 0.060000 4 1 14.500000 53.250000 3.250000 4 239 76 0 4 315
4 12 48 0.780000 0.060000 4 1 11.250000 52.750000 2.750000 4 325 57 0 4 382
4 12 48 0.780000 0.060000 4 1 16.500000 52.000000 1.500000 4 260 32 0 4 292
4 12 48 0.780000 0.060000 4 1 14.000000 50.250000 1.250000 4 127 26 0 4 153
4 12 48 0.780000 0.060000 4 1 13.000000 53.250000 1.500000 4 219 56 0 4 275
4 12 48 0.780000 0.060000 4 1 14.250000 49.750000 1.750000 4 204 30 0 4 234
4 12 48 0.780000 0.060000 4 1 11.000000 51.250000 3.750000 4 227 59 0 4 286
4 12 48 0.780000 0.060000 4 1 13.250000 54.000000 3.000000 5 405 95 0 4 500
4 12 48 0.780000 0.060000 4 1 11.750000 53.250000 2.500000 4 392 53 0 4 445
4 12 48 0.780000 0.060000 4 1 14.750000 52.750000 3.000000 4 340 90 0 4 430
4 12 48 0.780000 0.060000 4 1 13.000000 51.000000 2.500000 4 216 55 0 4 271
4 12 48 0.780000 0.060000 4 1 13.750000 52.750000 1.500000 4 194 38 0 4 232
4 12 48 0.780000 0.060000 4 1 12.750000 53.500000 3.750000 4 295 108 1 4 404
4 12 48 0.780000 0.060000 4 1 11.250000 52.250000 3.250000 4 158 38 0 4 196
4 12 48 0.780000 0.060000 4 1 15.250000 51.000000 3.250000 4 234 54 0 4 288
4 12 48 0.780000 0.060000 4 1 15.500000 52.750000 3.000000 4 1326 81 0 4 1407
4 12 48 0.780000 0.060000 4 1 13.750000 50.500000 3.000000 4 290 93 0 4 383
4 12 48 0.780000 0.060000 4 1 14.000000 50.500000 3.500000 4 221 61 1 4 283
4 12 48 0.780000 0.060000 4 1 15.000000 51.000000 2.250000 4 253 70 0 4 323
