
72 17 23 19 13 
72 16 26 24 6 
72 36 15 8 13 
72 14 28 18 12 
72 15 20 20 17 
72 30 13 22 7 
72 28 9 27 8 
72 34 9 13 16 
72 21 18 16 17 
72 9 15 29 19 
72 21 18 15 18 
72 38 19 9 6 
72 26 14 12 20 
72 31 20 18 3 
72 18 18 15 21 
72 28 21 11 12 
72 23 17 16 16 
72 28 15 14 15 
72 21 16 14 21 
72 32 17 10 13 
72 21 21 18 12 
72 32 19 14 7 
72 45 15 9 3 
72 10 27 17 18 
72 37 13 15 7 
72 30 7 13 22 
72 22 21 17 12 
72 26 22 24 
72 28 16 15 13 
72 33 10 13 16 
72 28 11 19 14 
72 31 16 19 6 
72 16 19 24 13 
72 30 17 10 15 
72 26 15 14 17 
72 16 21 21 14 
72 18 22 23 9 
72 38 8 15 11 
72 19 17 24 12 
72 24 17 8 23 
72 20 25 21 6 
72 34 17 17 4 
72 28 9 17 18 
72 22 19 18 13 
72 25 19 15 13 
72 27 16 17 12 
72 14 26 18 14 
72 22 19 13 18 
72 26 16 17 13 
72 20 5 14 33 
72 35 14 11 12 
72 26 18 11 17 
72 25 17 19 11 
72 15 21 15 21 
72 21 18 18 15 
72 37 8 12 15 
72 22 20 13 17 
72 31 14 9 18 
72 14 24 18 16 
72 31 19 14 8 
72 29 17 22 4 
72 22 16 15 19 
72 21 10 18 23 
72 32 16 16 8 
72 34 18 6 14 
72 10 31 18 13 
72 23 24 11 14 
72 30 15 21 6 
72 32 21 3 16 
72 18 20 21 13 
72 29 10 19 14 
72 22 20 13 17 
72 30 16 10 16 
72 18 21 23 10 
72 29 13 20 10 
72 35 10 21 6 
72 23 15 26 8 
72 28 20 11 13 
72 31 15 11 15 
72 26 25 8 13 
72 15 26 12 19 
72 32 17 12 11 
72 26 10 20 16 
72 30 19 13 10 
72 17 25 13 17 
72 20 19 18 15 
72 22 22 24 4 
72 31 18 16 7 
72 36 17 13 6 
72 31 13 19 9 
72 18 13 14 27 
72 32 11 12 17 
72 40 12 15 5 
72 18 19 22 13 
72 31 16 9 16 
72 29 7 19 17 
72 18 31 15 8 
72 15 24 22 11 
72 30 22 11 9 
72 19 20 20 13 
