c k n p q num_opinions_initial num_components_initial avg_num_cross_connections avg_num_within_connections avg_opinion_divergence num_components_final num_successful num_unsuccessful num_neighbourless_speaker num_opinions_final num_timesteps
4 18 72 0.800000 0.040000 4 1 17.500000 123.750000 3.750000 4 362 77 0 4 439
4 18 72 0.800000 0.040000 4 1 15.250000 121.000000 4.500000 4 559 84 0 4 643
4 18 72 0.800000 0.040000 4 1 22.500000 122.750000 5.250000 4 487 185 0 4 672
4 18 72 0.800000 0.040000 4 1 17.000000 123.000000 3.750000 4 415 107 0 4 522
4 18 72 0.800000 0.040000 4 1 17.250000 122.750000 4.250000 4 636 112 0 4 748
4 18 72 0.800000 0.040000 4 1 20.250000 126.500000 3.500000 4 605 207 0 4 812
4 18 72 0.800000 0.040000 4 1 19.750000 121.250000 3.500000 4 479 170 0 4 649
4 18 72 0.800000 0.040000 4 1 20.500000 123.750000 3.250000 4 420 125 0 4 545
4 18 72 0.800000 0.040000 4 1 17.750000 124.250000 1.000000 4 169 18 0 4 187
4 18 72 0.800000 0.040000 4 1 17.500000 127.000000 5.000000 4 455 117 0 4 572
4 18 72 0.800000 0.040000 4 1 17.250000 124.500000 3.250000 4 356 57 0 4 413
4 18 72 0.800000 0.040000 4 1 22.000000 122.500000 4.250000 4 467 167 0 4 634
4 18 72 0.800000 0.040000 4 1 18.250000 122.000000 2.500000 4 413 63 0 4 476
4 18 72 0.800000 0.040000 4 1 21.750000 122.250000 3.250000 4 482 133 0 4 615
4 18 72 0.800000 0.040000 4 1 16.250000 123.250000 3.250000 4 335 62 0 4 397
4 18 72 0.800000 0.040000 4 1 24.250000 121.250000 4.250000 4 467 162 0 4 629
4 18 72 0.800000 0.040000 4 1 21.750000 120.000000 2.250000 4 274 55 0 4 329
4 18 72 0.800000 0.040000 4 1 21.000000 125.250000 4.000000 4 564 164 0 4 728
4 18 72 0.800000 0.040000 4 1 18.750000 123.500000 3.250000 4 277 48 0 4 325
4 18 72 0.800000 0.040000 4 1 20.750000 123.000000 4.500000 4 577 151 0 4 728
4 18 72 0.800000 0.040000 4 1 19.500000 122.250000 4.750000 4 516 96 0 4 612
4 18 72 0.800000 0.040000 4 1 21.750000 124.250000 3.000000 4 536 207 0 4 743
4 18 72 0.800000 0.040000 4 1 21.500000 124.500000 3.500000 4 392 142 0 4 534
4 18 72 0.800000 0.040000 4 1 20.750000 125.000000 4.750000 4 517 112 0 4 629
4 18 72 0.800000 0.040000 4 1 18.750000 125.750000 5.000000 4 578 173 0 4 751
4 18 72 0.800000 0.040000 4 1 20.250000 123.000000 4.500000 4 623 176 0 4 799
4 18 72 0.800000 0.040000 4 1 23.750000 120.750000 2.000000 4 357 54 0 4 411
4 18 72 0.800000 0.040000 4 1 23.750000 119.500000 5.250000 3 436 161 0 3 597
4 18 72 0.800000 0.040000 4 1 18.250000 124.500000 3.000000 4 404 65 0 4 469
4 18 72 0.800000 0.040000 4 1 22.000000 122.250000 3.000000 4 451 118 0 4 569
4 18 72 0.800000 0.040000 4 1 19.500000 123.000000 3.250000 4 582 93 0 4 675
4 18 72 0.800000 0.040000 4 1 23.750000 120.250000 5.000000 4 892 300 0 4 1192
4 18 72 0.800000 0.040000 4 1 17.750000 124.250000 4.500000 4 612 161 0 4 773
4 18 72 0.800000 0.040000 4 1 22.000000 123.750000 3.750000 4 403 102 0 4 505
4 18 72 0.800000 0.040000 4 1 17.250000 123.000000 4.750000 4 367 113 0 4 480
4 18 72 0.800000 0.040000 4 1 19.500000 123.250000 2.000000 4 236 47 0 4 283
4 18 72 0.800000 0.040000 4 1 23.000000 118.250000 3.000000 4 285 50 0 4 335
4 18 72 0.800000 0.040000 4 1 18.000000 125.000000 4.500000 4 423 108 0 4 531
4 18 72 0.800000 0.040000 4 1 18.750000 124.500000 2.250000 4 268 46 0 4 314
4 18 72 0.800000 0.040000 4 1 19.250000 125.250000 3.250000 4 563 145 0 4 708
4 18 72 0.800000 0.040000 4 1 19.500000 121.500000 5.250000 4 695 204 0 4 899
4 18 72 0.800000 0.040000 4 1 18.500000 123.250000 4.000000 4 790 145 0 4 935
4 18 72 0.800000 0.040000 4 1 20.000000 121.750000 3.000000 4 414 80 0 4 494
4 18 72 0.800000 0.040000 4 1 18.250000 119.750000 1.000000 4 282 49 0 4 331
4 18 72 0.800000 0.040000 4 1 20.750000 123.000000 2.250000 4 348 62 0 4 410
4 18 72 0.800000 0.040000 4 1 22.250000 122.500000 3.500000 4 534 163 0 4 697
4 18 72 0.800000 0.040000 4 1 17.750000 119.000000 4.500000 4 334 83 0 4 417
4 18 72 0.800000 0.040000 4 1 19.500000 125.750000 5.750000 4 807 275 0 4 1082
4 18 72 0.800000 0.040000 4 1 21.250000 122.000000 4.250000 4 526 138 0 4 664
4 18 72 0.800000 0.040000 4 1 20.750000 122.250000 5.500000 4 531 123 0 4 654
4 18 72 0.800000 0.040000 4 1 18.750000 121.500000 3.250000 4 678 127 0 4 805
4 18 72 0.800000 0.040000 4 1 18.250000 117.250000 3.250000 4 448 112 0 4 560
4 18 72 0.800000 0.040000 4 1 16.750000 125.000000 3.250000 4 427 86 0 4 513
4 18 72 0.800000 0.040000 4 1 20.250000 119.000000 2.750000 4 461 85 0 4 546
4 18 72 0.800000 0.040000 4 1 21.750000 121.250000 2.750000 4 491 54 0 4 545
4 18 72 0.800000 0.040000 4 1 22.000000 127.500000 3.500000 4 412 94 0 4 506
4 18 72 0.800000 0.040000 4 1 14.500000 120.500000 3.000000 4 255 43 0 4 298
4 18 72 0.800000 0.040000 4 1 20.500000 121.750000 3.750000 4 440 107 0 4 547
4 18 72 0.800000 0.040000 4 1 19.000000 123.500000 4.500000 4 460 100 0 4 560
4 18 72 0.800000 0.040000 4 1 17.000000 120.500000 3.250000 4 577 113 0 4 690
4 18 72 0.800000 0.040000 4 1 19.750000 124.000000 3.500000 4 362 86 0 4 448
4 18 72 0.800000 0.040000 4 1 18.250000 124.750000 3.500000 4 461 112 0 4 573
4 18 72 0.800000 0.040000 4 1 21.500000 123.000000 3.000000 4 335 76 0 4 411
4 18 72 0.800000 0.040000 4 1 23.500000 122.750000 3.250000 4 428 90 0 4 518
4 18 72 0.800000 0.040000 4 1 16.250000 124.500000 3.500000 4 419 93 0 4 512
4 18 72 0.800000 0.040000 4 1 18.250000 118.000000 3.000000 4 559 74 0 4 633
4 18 72 0.800000 0.040000 4 1 18.000000 118.750000 3.000000 4 476 105 0 4 581
4 18 72 0.800000 0.040000 4 1 18.000000 124.000000 4.250000 4 398 100 0 4 498
4 18 72 0.800000 0.040000 4 1 19.500000 119.750000 2.250000 4 324 65 0 4 389
4 18 72 0.800000 0.040000 4 1 20.750000 121.500000 3.250000 4 318 65 0 4 383
4 18 72 0.800000 0.040000 4 1 27.000000 118.750000 4.000000 4 614 202 0 4 816
4 18 72 0.800000 0.040000 4 1 18.750000 124.250000 2.750000 4 435 94 0 4 529
4 18 72 0.800000 0.040000 4 1 16.750000 122.250000 3.750000 4 437 94 0 4 531
4 18 72 0.800000 0.040000 4 1 19.750000 125.000000 3.250000 4 492 96 0 4 588
4 18 72 0.800000 0.040000 4 1 16.750000 122.500000 4.000000 4 448 79 0 4 527
4 18 72 0.800000 0.040000 4 1 19.250000 125.500000 4.750000 4 455 125 0 4 580
4 18 72 0.800000 0.040000 4 1 20.750000 124.000000 3.500000 4 652 173 0 4 825
4 18 72 0.800000 0.040000 4 1 25.000000 122.500000 2.250000 4 417 85 0 4 502
4 18 72 0.800000 0.040000 4 1 19.000000 124.000000 2.750000 4 534 113 0 4 647
4 18 72 0.800000 0.040000 4 1 20.250000 120.750000 4.750000 4 373 75 0 4 448
4 18 72 0.800000 0.040000 4 1 23.000000 120.750000 3.750000 4 601 183 0 4 784
4 18 72 0.800000 0.040000 4 1 21.750000 121.250000 4.000000 4 443 132 0 4 575
4 18 72 0.800000 0.040000 4 1 19.250000 121.000000 2.500000 4 327 56 0 4 383
4 18 72 0.800000 0.040000 4 1 18.500000 120.500000 4.250000 4 512 128 0 4 640
4 18 72 0.800000 0.040000 4 1 18.500000 124.750000 3.250000 4 380 67 0 4 447
4 18 72 0.800000 0.040000 4 1 19.250000 125.000000 2.250000 4 361 64 0 4 425
4 18 72 0.800000 0.040000 4 1 19.500000 115.500000 4.250000 4 534 135 0 4 669
4 18 72 0.800000 0.040000 4 1 17.750000 124.750000 3.250000 4 345 55 0 4 400
4 18 72 0.800000 0.040000 4 1 15.250000 122.000000 3.000000 4 305 63 0 4 368
4 18 72 0.800000 0.040000 4 1 18.500000 124.500000 3.750000 4 395 135 0 4 530
4 18 72 0.800000 0.040000 4 1 16.750000 122.500000 2.750000 4 378 60 0 4 438
4 18 72 0.800000 0.040000 4 1 19.750000 122.500000 3.750000 4 818 154 0 4 972
4 18 72 0.800000 0.040000 4 1 21.250000 130.500000 3.750000 4 588 141 0 4 729
4 18 72 0.800000 0.040000 4 1 18.750000 122.000000 3.500000 4 376 74 0 4 450
4 18 72 0.800000 0.040000 4 1 19.750000 122.000000 4.000000 4 499 110 0 4 609
4 18 72 0.800000 0.040000 4 1 22.750000 124.750000 3.750000 4 621 205 0 4 826
4 18 72 0.800000 0.040000 4 1 20.750000 124.000000 3.000000 4 329 85 0 4 414
4 18 72 0.800000 0.040000 4 1 18.250000 125.000000 3.750000 4 430 89 0 4 519
4 18 72 0.800000 0.040000 4 1 21.000000 121.500000 4.500000 4 358 91 0 4 449
4 18 72 0.800000 0.040000 4 1 16.500000 122.750000 3.250000 4 304 54 0 4 358
