
72 13 15 19 9 9 7 
72 22 8 18 15 8 1 
72 15 10 24 7 9 7 
72 12 14 16 13 13 4 
72 7 13 13 12 16 11 
72 22 10 12 14 9 5 
72 20 12 12 12 4 12 
72 5 18 17 13 6 13 
72 19 7 12 13 15 6 
72 19 12 12 11 12 6 
72 18 9 15 13 8 9 
72 13 15 8 16 16 4 
72 30 9 13 12 8 
72 22 13 7 16 8 6 
72 23 9 12 7 12 9 
72 19 14 14 10 10 5 
72 20 8 13 11 9 11 
72 23 16 7 12 7 7 
72 20 10 12 9 9 12 
72 15 7 15 7 16 12 
72 16 21 12 9 5 9 
72 15 12 17 13 6 9 
72 10 16 11 13 13 9 
72 19 15 10 11 12 5 
72 13 13 13 10 18 5 
72 12 21 6 12 14 7 
72 14 15 13 8 16 6 
72 14 10 13 13 11 11 
72 21 8 12 9 12 10 
72 13 21 11 10 10 7 
72 17 11 14 9 10 11 
72 27 13 5 9 6 12 
72 18 7 17 6 14 10 
72 12 11 9 18 16 6 
72 19 12 10 14 8 9 
72 13 10 12 16 9 12 
72 10 19 17 21 3 2 
72 9 10 9 18 13 13 
72 17 16 11 11 8 9 
72 17 15 10 12 11 7 
72 14 6 14 9 17 12 
72 20 13 5 12 10 12 
72 19 14 16 14 1 8 
72 25 17 11 4 13 2 
72 14 13 7 13 12 13 
72 14 13 9 12 14 10 
72 25 3 12 14 10 8 
72 15 12 9 8 14 14 
72 7 17 19 10 10 9 
72 14 17 13 10 12 6 
72 14 7 10 8 17 16 
72 16 13 13 15 5 10 
72 15 15 12 16 11 3 
72 17 12 11 15 12 5 
72 14 14 10 7 15 12 
72 18 12 9 10 11 12 
72 25 13 17 5 6 6 
72 10 15 16 9 7 15 
72 16 12 10 12 11 11 
72 16 18 14 8 7 9 
72 16 7 11 14 11 13 
72 24 12 6 7 17 6 
72 16 9 22 3 10 12 
72 14 13 5 15 16 9 
72 9 12 12 14 14 11 
72 13 12 14 10 10 13 
72 15 20 15 9 7 6 
72 16 17 8 8 13 10 
72 21 13 4 12 12 10 
72 11 11 15 15 14 6 
72 26 7 8 12 12 7 
72 10 9 16 11 15 11 
72 18 11 10 12 8 13 
72 20 17 9 8 10 8 
72 17 9 33 7 2 4 
72 19 9 9 14 14 7 
72 16 19 12 8 17 
72 13 12 7 15 12 13 
72 24 8 21 5 8 6 
72 8 16 13 16 9 10 
72 18 20 5 14 6 9 
72 13 15 13 12 8 11 
72 22 12 4 12 9 13 
72 17 12 8 9 11 15 
72 8 17 17 8 10 12 
72 17 12 14 12 13 4 
72 18 12 14 7 14 7 
72 13 18 16 8 9 8 
72 12 15 19 13 8 5 
72 11 10 16 12 10 13 
72 8 11 14 13 15 11 
72 25 7 7 12 10 11 
72 18 14 21 9 8 2 
72 19 9 10 10 11 13 
72 16 11 14 13 6 12 
72 16 10 13 16 12 5 
72 17 14 8 11 8 14 
72 16 10 18 13 8 7 
72 15 16 10 2 18 11 
72 11 17 18 6 14 6 
