c k n p q num_opinions_initial num_components_initial avg_num_cross_connections avg_num_within_connections avg_opinion_divergence num_components_final num_successful num_unsuccessful num_neighbourless_speaker num_opinions_final num_timesteps
6 12 72 0.800000 0.040000 6 1 17.333334 54.500000 2.833333 6 546 155 0 6 701
6 12 72 0.800000 0.040000 6 1 13.666667 55.000000 3.000000 6 326 94 0 6 420
6 12 72 0.800000 0.040000 6 1 13.666667 52.666668 2.666667 6 338 86 0 6 424
6 12 72 0.800000 0.040000 6 1 15.833333 53.166668 1.666667 6 381 121 0 6 502
6 12 72 0.800000 0.040000 6 1 15.666667 52.166668 2.333333 6 340 97 0 6 437
6 12 72 0.800000 0.040000 6 1 14.833333 52.666668 1.833333 6 319 80 0 6 399
6 12 72 0.800000 0.040000 6 1 15.333333 53.166668 2.000000 6 327 95 0 6 422
6 12 72 0.800000 0.040000 6 1 13.666667 53.166668 2.166667 6 369 105 0 6 474
6 12 72 0.800000 0.040000 6 1 12.833333 51.333332 1.833333 6 379 94 0 6 473
6 12 72 0.800000 0.040000 6 1 18.500000 53.333332 2.000000 6 538 114 0 6 652
6 12 72 0.800000 0.040000 6 1 14.500000 53.000000 1.666667 6 296 60 0 6 356
6 12 72 0.800000 0.040000 6 1 14.166667 51.833332 2.166667 6 342 80 0 6 422
6 12 72 0.800000 0.040000 6 1 16.000000 52.333332 2.166667 5 352 113 0 5 465
6 12 72 0.800000 0.040000 6 1 12.500000 52.666668 3.000000 6 418 125 0 6 543
6 12 72 0.800000 0.040000 6 1 13.166667 53.000000 2.000000 6 252 82 0 6 334
6 12 72 0.800000 0.040000 6 1 14.666667 52.666668 2.000000 6 370 55 0 6 425
6 12 72 0.800000 0.040000 6 1 11.500000 49.166668 2.500000 6 320 61 0 6 381
6 12 72 0.800000 0.040000 6 1 13.500000 52.333332 2.333333 6 259 78 0 6 337
6 12 72 0.800000 0.040000 6 1 11.500000 54.000000 2.500000 6 299 61 0 6 360
6 12 72 0.800000 0.040000 6 1 13.000000 54.666668 2.166667 6 366 77 0 6 443
6 12 72 0.800000 0.040000 6 1 14.333333 51.500000 3.000000 6 268 81 0 6 349
6 12 72 0.800000 0.040000 6 1 14.500000 53.000000 2.666667 6 295 67 0 6 362
6 12 72 0.800000 0.040000 6 1 14.000000 53.833332 2.333333 6 32103 167 0 6 32270
6 12 72 0.800000 0.040000 6 1 13.500000 53.166668 2.333333 6 280 61 0 6 341
6 12 72 0.800000 0.040000 6 1 14.833333 54.000000 2.833333 6 540 91 0 6 631
6 12 72 0.800000 0.040000 6 1 13.666667 55.166668 2.833333 6 393 63 0 6 456
6 12 72 0.800000 0.040000 6 1 12.000000 53.833332 3.166667 6 322 83 0 6 405
6 12 72 0.800000 0.040000 6 1 13.500000 50.500000 2.333333 6 250 46 0 6 296
6 12 72 0.800000 0.040000 6 1 13.833333 53.833332 2.000000 6 343 64 0 6 407
6 12 72 0.800000 0.040000 6 1 13.000000 53.000000 2.333333 6 318 66 0 6 384
6 12 72 0.800000 0.040000 6 1 14.333333 53.833332 1.666667 6 260 48 0 6 308
6 12 72 0.800000 0.040000 6 1 11.666667 53.166668 2.000000 6 301 66 0 6 367
6 12 72 0.800000 0.040000 6 1 17.000000 51.666668 1.666667 6 680 78 0 6 758
6 12 72 0.800000 0.040000 6 1 15.000000 53.666668 2.333333 6 441 86 0 6 527
6 12 72 0.800000 0.040000 6 1 14.333333 50.666668 3.000000 6 318 97 0 6 415
6 12 72 0.800000 0.040000 6 1 14.666667 53.500000 1.500000 6 414 56 0 6 470
6 12 72 0.800000 0.040000 6 1 13.166667 51.833332 2.500000 6 266 93 0 6 359
6 12 72 0.800000 0.040000 6 1 16.166666 50.666668 2.666667 6 392 119 0 6 511
6 12 72 0.800000 0.040000 6 1 15.333333 52.333332 2.000000 6 304 45 0 6 349
6 12 72 0.800000 0.040000 6 1 12.666667 53.166668 1.333333 6 261 63 0 6 324
6 12 72 0.800000 0.040000 6 1 13.000000 52.333332 2.000000 6 359 53 0 6 412
6 12 72 0.800000 0.040000 6 1 14.333333 55.000000 1.833333 6 313 64 0 6 377
6 12 72 0.800000 0.040000 6 1 11.666667 51.833332 2.666667 6 308 81 0 6 389
6 12 72 0.800000 0.040000 6 1 15.166667 54.500000 2.833333 6 330 107 0 6 437
6 12 72 0.800000 0.040000 6 1 14.000000 53.833332 2.166667 6 376 62 0 6 438
6 12 72 0.800000 0.040000 6 1 13.833333 51.666668 1.500000 6 291 35 0 6 326
6 12 72 0.800000 0.040000 6 1 17.166666 55.500000 2.666667 6 474 105 0 6 579
6 12 72 0.800000 0.040000 6 1 15.333333 53.833332 2.333333 6 2654 84 0 6 2738
6 12 72 0.800000 0.040000 6 1 15.500000 53.500000 2.166667 6 370 114 0 6 484
6 12 72 0.800000 0.040000 6 1 14.666667 51.666668 2.000000 6 282 78 0 6 360
6 12 72 0.800000 0.040000 6 1 14.333333 53.500000 2.666667 6 279 71 0 6 350
6 12 72 0.800000 0.040000 6 1 13.000000 52.333332 2.166667 6 243 49 0 6 292
6 12 72 0.800000 0.040000 6 1 14.500000 53.166668 3.166667 6 364 120 0 6 484
6 12 72 0.800000 0.040000 6 1 15.166667 52.166668 1.333333 6 272 60 0 6 332
6 12 72 0.800000 0.040000 6 1 12.666667 53.833332 3.000000 6 325 111 0 6 436
6 12 72 0.800000 0.040000 6 1 13.500000 53.666668 3.333333 6 373 100 0 6 473
6 12 72 0.800000 0.040000 6 1 12.500000 49.833332 3.000000 6 290 79 0 6 369
6 12 72 0.800000 0.040000 6 1 13.500000 52.833332 2.333333 6 367 118 0 6 485
6 12 72 0.800000 0.040000 6 1 12.500000 52.666668 2.000000 6 416 62 0 6 478
6 12 72 0.800000 0.040000 6 1 17.833334 50.833332 2.000000 6 417 118 0 6 535
6 12 72 0.800000 0.040000 6 1 15.333333 53.666668 2.833333 6 2545 99 0 6 2644
6 12 72 0.800000 0.040000 6 1 15.500000 50.500000 2.166667 6 295 67 0 6 362
6 12 72 0.800000 0.040000 6 1 13.666667 52.000000 3.666667 6 345 112 0 6 457
6 12 72 0.800000 0.040000 6 1 12.833333 51.000000 3.333333 6 285 77 0 6 362
6 12 72 0.800000 0.040000 6 1 14.000000 52.833332 2.833333 6 388 113 0 6 501
6 12 72 0.800000 0.040000 6 1 12.666667 54.000000 2.000000 6 12410 113 0 6 12523
6 12 72 0.800000 0.040000 6 1 14.666667 53.500000 3.166667 6 320 101 0 6 421
6 12 72 0.800000 0.040000 6 1 14.500000 53.166668 3.000000 6 456 147 0 6 603
6 12 72 0.800000 0.040000 6 1 13.500000 53.333332 1.666667 6 271 52 0 6 323
6 12 72 0.800000 0.040000 6 1 14.500000 53.000000 2.333333 6 326 83 0 6 409
6 12 72 0.800000 0.040000 6 1 16.666666 51.666668 1.666667 6 255 69 0 6 324
6 12 72 0.800000 0.040000 6 1 11.500000 50.000000 2.666667 6 269 49 0 6 318
6 12 72 0.800000 0.040000 6 1 13.333333 54.166668 2.166667 6 378 89 0 6 467
6 12 72 0.800000 0.040000 6 1 15.666667 55.500000 3.166667 6 395 138 0 6 533
6 12 72 0.800000 0.040000 6 1 15.833333 52.000000 3.166667 6 442 146 2 6 590
6 12 72 0.800000 0.040000 6 1 13.500000 50.833332 2.333333 6 370 121 0 6 491
6 12 72 0.800000 0.040000 6 1 14.666667 50.833332 2.500000 5 297 94 0 5 391
6 12 72 0.800000 0.040000 6 1 12.666667 53.500000 1.833333 6 322 74 0 6 396
6 12 72 0.800000 0.040000 6 1 14.666667 56.500000 2.000000 6 429 98 0 6 527
6 12 72 0.800000 0.040000 6 1 11.166667 53.500000 2.500000 6 552 46 0 6 598
6 12 72 0.800000 0.040000 6 1 15.500000 53.666668 2.500000 6 365 124 0 6 489
6 12 72 0.800000 0.040000 6 1 14.166667 54.166668 2.333333 6 387 64 0 6 451
6 12 72 0.800000 0.040000 6 1 14.000000 53.666668 2.833333 6 412 78 0 6 490
6 12 72 0.800000 0.040000 6 1 15.000000 51.666668 2.333333 6 420 103 0 6 523
6 12 72 0.800000 0.040000 6 1 16.500000 56.000000 2.500000 6 4032 124 0 6 4156
6 12 72 0.800000 0.040000 6 1 17.000000 52.166668 2.833333 6 345 103 0 6 448
6 12 72 0.800000 0.040000 6 1 14.833333 52.500000 2.166667 6 366 79 0 6 445
6 12 72 0.800000 0.040000 6 1 16.833334 53.833332 2.833333 6 339 90 0 6 429
6 12 72 0.800000 0.040000 6 1 11.833333 54.500000 3.166667 6 334 85 0 6 419
6 12 72 0.800000 0.040000 6 1 15.000000 49.000000 2.000000 6 346 59 0 6 405
6 12 72 0.800000 0.040000 6 1 15.000000 53.000000 2.166667 6 374 103 0 6 477
6 12 72 0.800000 0.040000 6 1 13.000000 51.000000 1.666667 6 323 66 0 6 389
6 12 72 0.800000 0.040000 6 1 14.333333 52.500000 2.666667 6 452 104 0 6 556
6 12 72 0.800000 0.040000 6 1 14.666667 54.666668 3.166667 6 372 123 0 6 495
6 12 72 0.800000 0.040000 6 1 16.166666 53.000000 3.000000 6 470 124 0 6 594
6 12 72 0.800000 0.040000 6 1 15.500000 54.833332 1.500000 6 295 61 0 6 356
6 12 72 0.800000 0.040000 6 1 14.166667 52.166668 2.333333 6 389 59 0 6 448
6 12 72 0.800000 0.040000 6 1 15.166667 52.666668 2.000000 6 317 71 0 6 388
6 12 72 0.800000 0.040000 6 1 14.333333 50.500000 2.666667 6 356 90 0 6 446
6 12 72 0.800000 0.040000 6 1 14.500000 54.500000 3.333333 6 457 123 0 6 580
