
48 10 14 15 9 
48 17 16 10 5 
48 13 13 10 12 
48 14 12 11 11 
48 17 13 8 10 
48 12 17 14 5 
48 18 12 8 10 
48 16 10 13 9 
48 15 17 8 8 
48 12 12 17 7 
48 20 14 7 7 
48 20 6 8 14 
48 15 13 7 13 
48 12 11 16 9 
48 9 14 14 11 
48 9 12 13 14 
48 11 14 11 12 
48 14 10 11 13 
48 16 15 7 10 
48 22 7 7 12 
48 12 18 9 9 
48 16 14 6 12 
48 10 17 13 8 
48 17 13 9 9 
48 16 12 13 7 
48 12 10 12 14 
48 15 13 8 12 
48 12 15 14 7 
48 25 7 11 5 
48 21 14 7 6 
48 13 7 11 17 
48 18 10 11 9 
48 11 15 11 11 
48 7 19 11 11 
48 19 11 11 7 
48 19 12 7 10 
48 18 12 12 6 
48 14 15 8 11 
48 20 10 6 12 
48 10 19 8 11 
48 12 14 13 9 
48 14 21 9 4 
48 16 18 9 5 
48 15 12 12 9 
48 16 12 9 11 
48 11 11 13 13 
48 21 8 9 10 
48 9 15 14 10 
48 12 12 14 10 
48 16 12 13 7 
48 18 10 9 11 
48 22 12 9 5 
48 13 17 12 6 
48 14 11 15 8 
48 16 14 11 7 
48 19 11 12 6 
48 4 20 10 14 
48 14 13 12 9 
48 19 13 9 7 
48 16 9 13 10 
48 10 16 14 8 
48 9 16 12 11 
48 13 14 12 9 
48 15 8 15 10 
48 12 12 12 12 
48 15 11 12 10 
48 13 16 7 12 
48 15 6 15 12 
48 10 18 9 11 
48 21 10 12 5 
48 13 11 18 6 
48 17 13 9 9 
48 15 14 6 13 
48 16 10 11 11 
48 16 14 10 8 
48 13 14 9 12 
48 12 12 12 12 
48 14 10 14 10 
48 13 9 13 13 
48 12 17 8 11 
48 17 10 10 11 
48 13 10 16 9 
48 21 10 10 7 
48 25 12 7 4 
48 16 16 12 4 
48 9 16 13 10 
48 15 9 18 6 
48 7 16 14 11 
48 13 10 17 8 
48 18 15 9 6 
48 26 7 9 6 
48 20 5 12 11 
48 13 11 8 16 
48 13 11 13 11 
48 12 9 13 14 
48 17 12 9 10 
48 11 14 14 9 
48 14 13 11 10 
48 21 11 13 3 
48 12 14 9 13 
