c k n p q num_opinions_initial num_components_initial avg_num_cross_connections avg_num_within_connections avg_opinion_divergence num_components_final num_successful num_unsuccessful num_neighbourless_speaker num_opinions_final num_timesteps
4 12 48 0.800000 0.040000 4 1 6.000000 51.500000 2.750000 4 101 19 0 4 120
4 12 48 0.800000 0.040000 4 1 7.500000 51.250000 3.250000 4 198 49 0 4 247
4 12 48 0.800000 0.040000 4 1 5.500000 53.750000 2.000000 4 75 13 0 4 88
4 12 48 0.800000 0.040000 4 1 7.500000 54.750000 1.750000 4 403 23 0 4 426
4 12 48 0.800000 0.040000 4 1 10.750000 51.250000 2.500000 4 123 31 0 4 154
4 12 48 0.800000 0.040000 4 1 10.000000 51.500000 2.500000 4 100 25 0 4 125
4 12 48 0.800000 0.040000 4 1 11.000000 53.750000 1.750000 4 230 57 0 4 287
4 12 48 0.800000 0.040000 4 1 8.250000 55.250000 2.250000 4 111 27 0 4 138
4 12 48 0.800000 0.040000 4 1 11.250000 56.000000 1.750000 4 209 33 0 4 242
4 12 48 0.800000 0.040000 4 1 8.750000 53.250000 3.000000 4 158 36 1 4 195
4 12 48 0.800000 0.040000 4 1 9.000000 52.000000 2.500000 4 206 59 0 4 265
4 12 48 0.800000 0.040000 4 1 9.500000 53.500000 2.750000 4 138 32 0 4 170
4 12 48 0.800000 0.040000 4 1 6.750000 52.500000 3.000000 4 227 45 0 4 272
4 12 48 0.800000 0.040000 4 1 7.750000 52.500000 1.750000 4 153 29 0 4 182
4 12 48 0.800000 0.040000 4 1 12.000000 53.500000 1.500000 4 187 31 0 4 218
4 12 48 0.800000 0.040000 4 1 9.750000 52.750000 2.250000 4 130 13 0 4 143
4 12 48 0.800000 0.040000 4 1 7.500000 55.250000 2.000000 4 195 43 0 4 238
4 12 48 0.800000 0.040000 4 1 5.000000 51.250000 3.000000 4 196 32 0 4 228
4 12 48 0.800000 0.040000 4 1 7.750000 52.250000 2.500000 4 142 21 0 4 163
4 12 48 0.800000 0.040000 4 1 11.250000 54.000000 3.000000 4 189 31 0 4 220
4 12 48 0.800000 0.040000 4 1 7.500000 56.250000 1.750000 4 256 29 0 4 285
4 12 48 0.800000 0.040000 4 1 6.750000 54.500000 3.000000 4 136 23 0 4 159
4 12 48 0.800000 0.040000 4 1 7.000000 49.250000 2.250000 4 138 14 0 4 152
4 12 48 0.800000 0.040000 4 1 10.500000 49.250000 2.000000 4 241 41 0 4 282
4 12 48 0.800000 0.040000 4 1 7.250000 52.250000 3.250000 4 161 40 0 4 201
4 12 48 0.800000 0.040000 4 1 6.750000 53.250000 2.250000 4 123 34 0 4 157
4 12 48 0.800000 0.040000 4 1 9.000000 53.500000 0.750000 4 105 17 0 4 122
4 12 48 0.800000 0.040000 4 1 9.000000 54.750000 3.500000 4 222 33 0 4 255
4 12 48 0.800000 0.040000 4 1 9.750000 53.750000 3.000000 4 257 50 0 4 307
4 12 48 0.800000 0.040000 4 1 9.500000 53.500000 3.000000 4 140 33 0 4 173
4 12 48 0.800000 0.040000 4 1 7.250000 52.750000 1.750000 4 113 17 0 4 130
4 12 48 0.800000 0.040000 4 1 8.500000 54.000000 1.750000 4 143 24 0 4 167
4 12 48 0.800000 0.040000 4 1 7.250000 53.000000 2.500000 4 229 38 0 4 267
4 12 48 0.800000 0.040000 4 1 7.000000 54.750000 2.250000 4 132 20 0 4 152
4 12 48 0.800000 0.040000 4 1 6.250000 53.250000 3.750000 4 162 40 0 4 202
4 12 48 0.800000 0.040000 4 1 8.250000 53.000000 1.250000 4 98 17 0 4 115
4 12 48 0.800000 0.040000 4 1 7.750000 53.750000 1.750000 4 159 42 0 4 201
4 12 48 0.800000 0.040000 4 1 5.750000 51.750000 2.500000 4 107 18 0 4 125
4 12 48 0.800000 0.040000 4 1 8.750000 52.750000 2.000000 4 310 28 0 4 338
4 12 48 0.800000 0.040000 4 1 8.750000 52.000000 2.000000 4 194 25 0 4 219
4 12 48 0.800000 0.040000 4 1 9.750000 53.000000 2.000000 4 271 47 0 4 318
4 12 48 0.800000 0.040000 4 1 8.500000 52.250000 3.000000 4 174 45 0 4 219
4 12 48 0.800000 0.040000 4 1 9.000000 52.500000 2.500000 4 219 40 0 4 259
4 12 48 0.800000 0.040000 4 1 7.000000 52.500000 2.750000 4 290 29 0 4 319
4 12 48 0.800000 0.040000 4 1 7.750000 52.750000 1.750000 4 140 14 0 4 154
4 12 48 0.800000 0.040000 4 1 7.500000 52.500000 2.250000 4 139 24 0 4 163
4 12 48 0.800000 0.040000 4 1 9.250000 51.250000 2.000000 4 119 20 0 4 139
4 12 48 0.800000 0.040000 4 1 8.750000 51.500000 2.500000 4 209 22 0 4 231
4 12 48 0.800000 0.040000 4 1 9.000000 54.750000 3.500000 4 198 48 0 4 246
4 12 48 0.800000 0.040000 4 1 9.000000 56.000000 1.500000 4 153 22 0 4 175
4 12 48 0.800000 0.040000 4 1 11.250000 50.750000 1.750000 4 151 27 0 4 178
4 12 48 0.800000 0.040000 4 1 7.250000 51.000000 2.250000 4 152 41 0 4 193
4 12 48 0.800000 0.040000 4 1 9.500000 51.250000 2.750000 4 230 29 0 4 259
4 12 48 0.800000 0.040000 4 1 10.750000 51.750000 4.000000 4 205 35 0 4 240
4 12 48 0.800000 0.040000 4 1 5.750000 54.500000 3.500000 4 145 29 0 4 174
4 12 48 0.800000 0.040000 4 1 8.000000 50.500000 3.000000 4 147 17 0 4 164
4 12 48 0.800000 0.040000 4 1 8.750000 53.250000 3.000000 4 296 66 0 4 362
4 12 48 0.800000 0.040000 4 1 8.750000 53.000000 1.500000 4 129 16 0 4 145
4 12 48 0.800000 0.040000 4 1 8.250000 51.500000 2.000000 4 204 81 0 4 285
4 12 48 0.800000 0.040000 4 1 6.250000 55.250000 1.250000 4 107 14 0 4 121
4 12 48 0.800000 0.040000 4 1 7.250000 53.000000 3.250000 4 150 40 0 4 190
4 12 48 0.800000 0.040000 4 1 9.000000 51.250000 2.250000 4 172 31 0 4 203
4 12 48 0.800000 0.040000 4 1 7.250000 56.000000 1.750000 4 157 38 0 4 195
4 12 48 0.800000 0.040000 4 1 8.500000 52.250000 3.500000 4 210 33 0 4 243
4 12 48 0.800000 0.040000 4 1 7.750000 54.500000 2.500000 4 177 35 0 4 212
4 12 48 0.800000 0.040000 4 1 7.750000 53.000000 2.000000 4 134 25 0 4 159
4 12 48 0.800000 0.040000 4 1 9.250000 53.000000 3.000000 4 247 63 0 4 310
4 12 48 0.800000 0.040000 4 1 7.750000 52.500000 2.500000 4 130 33 0 4 163
4 12 48 0.800000 0.040000 4 1 7.000000 52.250000 2.750000 4 126 35 0 4 161
4 12 48 0.800000 0.040000 4 1 8.250000 50.000000 2.750000 4 99 26 0 4 125
4 12 48 0.800000 0.040000 4 1 7.500000 54.750000 2.750000 4 182 28 0 4 210
4 12 48 0.800000 0.040000 4 1 9.250000 50.500000 2.500000 4 146 19 0 4 165
4 12 48 0.800000 0.040000 4 1 9.000000 47.500000 2.000000 4 98 18 0 4 116
4 12 48 0.800000 0.040000 4 1 7.750000 50.250000 2.250000 4 96 21 0 4 117
4 12 48 0.800000 0.040000 4 1 10.500000 56.000000 2.500000 4 179 44 0 4 223
4 12 48 0.800000 0.040000 4 1 10.750000 55.000000 2.750000 4 143 36 0 4 179
4 12 48 0.800000 0.040000 4 1 4.750000 51.750000 2.500000 4 146 30 0 4 176
4 12 48 0.800000 0.040000 4 1 8.750000 54.000000 2.500000 4 208 31 0 4 239
4 12 48 0.800000 0.040000 4 1 9.000000 51.000000 3.500000 4 202 54 0 4 256
4 12 48 0.800000 0.040000 4 1 4.250000 54.250000 3.250000 4 194 24 0 4 218
4 12 48 0.800000 0.040000 4 1 7.000000 56.000000 2.000000 4 198 14 0 4 212
4 12 48 0.800000 0.040000 4 1 6.750000 51.250000 2.750000 4 171 33 0 4 204
4 12 48 0.800000 0.040000 4 1 7.500000 53.250000 3.000000 4 140 37 0 4 177
4 12 48 0.800000 0.040000 4 1 11.250000 53.500000 3.000000 4 187 48 0 4 235
4 12 48 0.800000 0.040000 4 1 7.750000 56.500000 2.000000 4 147 20 0 4 167
4 12 48 0.800000 0.040000 4 1 9.250000 53.500000 3.000000 4 172 35 0 4 207
4 12 48 0.800000 0.040000 4 1 9.250000 48.750000 4.000000 4 242 69 0 4 311
4 12 48 0.800000 0.040000 4 1 7.500000 53.000000 1.500000 4 152 33 0 4 185
4 12 48 0.800000 0.040000 4 1 10.000000 50.750000 2.750000 4 158 37 1 4 196
4 12 48 0.800000 0.040000 4 1 9.750000 54.000000 1.750000 4 145 42 0 4 187
4 12 48 0.800000 0.040000 4 1 10.000000 50.500000 3.750000 4 229 47 0 4 276
4 12 48 0.800000 0.040000 4 1 7.250000 56.000000 3.250000 4 184 45 0 4 229
4 12 48 0.800000 0.040000 4 1 7.000000 52.250000 2.750000 4 94 20 0 4 114
4 12 48 0.800000 0.040000 4 1 9.750000 53.250000 1.750000 4 122 18 0 4 140
4 12 48 0.800000 0.040000 4 1 10.000000 52.000000 2.750000 4 181 45 0 4 226
4 12 48 0.800000 0.040000 4 1 7.750000 54.000000 2.250000 4 168 20 0 4 188
4 12 48 0.800000 0.040000 4 1 8.250000 53.250000 2.000000 4 177 21 0 4 198
4 12 48 0.800000 0.040000 4 1 6.250000 52.000000 1.750000 4 87 11 0 4 98
4 12 48 0.800000 0.040000 4 1 6.500000 53.500000 3.500000 4 190 67 0 4 257
4 12 48 0.800000 0.040000 4 1 9.250000 52.250000 1.250000 4 118 16 0 4 134
