
24 7 7 4 6 
24 7 6 6 5 
6 12 6 5 5 8 6 
6 18 9 9 3 3 
24 5 6 7 6 
24 5 7 4 8 
24 8 5 5 6 
24 7 4 7 6 
24 9 7 6 2 
24 5 7 7 5 
24 8 7 4 5 
24 12 7 3 2 
24 6 5 8 5 
24 6 5 7 6 
24 6 7 7 4 
24 4 5 6 9 
18 6 9 2 5 8 
24 6 7 5 6 
24 10 5 7 2 
23 1 4 8 10 1 1 
24 6 9 5 4 
24 5 7 6 6 
24 4 8 7 5 
24 3 12 7 2 
24 8 5 8 3 
24 9 4 6 5 
24 8 7 5 4 
24 8 5 2 9 
24 5 5 7 7 
24 7 7 5 5 
24 10 5 5 4 
24 6 9 4 5 
24 6 8 4 6 
24 5 7 5 7 
24 9 7 2 6 
24 12 3 3 6 
24 8 4 7 5 
24 9 7 5 3 
24 6 6 7 5 
24 7 7 3 7 
24 4 9 6 5 
24 5 5 8 6 
24 7 4 5 8 
24 5 6 6 7 
24 3 10 6 5 
24 10 5 4 5 
24 8 7 5 4 
24 6 7 7 4 
24 7 4 6 7 
24 8 6 3 7 
24 5 6 8 5 
24 10 3 4 7 
24 7 7 6 4 
18 6 7 6 6 5 
24 4 11 6 3 
24 6 4 7 7 
24 5 9 7 3 
24 7 5 7 5 
24 5 5 8 6 
24 6 7 4 7 
24 6 7 2 9 
24 6 6 5 7 
24 6 7 6 5 
24 7 5 6 6 
24 6 6 7 5 
24 1 7 8 8 
24 6 7 5 6 
24 7 8 6 3 
18 6 5 9 4 6 
24 8 7 4 5 
24 9 3 7 5 
24 9 6 4 5 
24 2 12 6 4 
24 9 6 6 3 
24 10 9 4 1 
24 6 9 4 5 
24 10 5 7 2 
24 9 7 6 2 
24 5 7 5 7 
24 8 5 5 6 
24 6 5 6 7 
24 5 6 5 8 
24 6 7 6 5 
24 9 8 2 5 
24 7 5 7 5 
24 5 8 8 3 
24 7 4 8 5 
24 6 9 3 6 
24 5 6 8 5 
24 8 4 8 4 
24 8 5 4 7 
24 7 7 5 5 
24 4 8 7 5 
24 9 7 5 3 
24 5 8 6 5 
24 8 6 4 6 
24 8 9 5 2 
24 5 5 8 6 
24 8 6 5 5 
24 9 5 5 5 
