c k n p q num_opinions_initial num_components_initial avg_num_cross_connections avg_num_within_connections avg_opinion_divergence num_components_final num_successful num_unsuccessful num_neighbourless_speaker num_opinions_final num_timesteps
4 6 24 0.800000 0.040000 4 1 1.500000 12.500000 1.000000 4 46 9 0 4 55
4 6 24 0.800000 0.040000 4 1 2.500000 12.500000 0.750000 4 19 1 0 4 20
4 6 24 0.800000 0.040000 4 3 0.250000 12.750000 1.750000 4 36 3 0 4 39
4 6 24 0.800000 0.040000 4 2 1.750000 12.500000 1.500000 4 23 5 0 4 28
4 6 24 0.800000 0.040000 4 1 2.750000 12.250000 0.750000 4 70 10 0 4 80
4 6 24 0.800000 0.040000 4 1 3.000000 11.750000 1.500000 4 61 8 0 4 69
4 6 24 0.800000 0.040000 4 1 3.000000 12.500000 1.500000 4 1102 35 0 4 1137
4 6 24 0.800000 0.040000 4 1 2.500000 13.000000 0.250000 4 17 1 0 4 18
4 6 24 0.800000 0.040000 4 1 1.250000 12.000000 0.750000 4 29 2 0 4 31
4 6 24 0.800000 0.040000 4 1 2.250000 11.000000 1.250000 4 28 11 0 4 39
4 6 24 0.800000 0.040000 4 1 2.250000 12.000000 0.750000 4 29 5 0 4 34
4 6 24 0.800000 0.040000 4 1 3.000000 11.500000 1.250000 4 62 14 0 4 76
4 6 24 0.800000 0.040000 4 1 1.750000 11.750000 1.000000 4 17 5 0 4 22
4 6 24 0.800000 0.040000 4 1 0.750000 12.500000 1.000000 4 18 1 0 4 19
4 6 24 0.800000 0.040000 4 1 3.000000 12.000000 1.250000 4 35 9 0 4 44
4 6 24 0.800000 0.040000 4 1 2.500000 12.500000 1.250000 4 29 5 0 4 34
4 6 24 0.800000 0.040000 4 2 0.500000 12.000000 2.000000 4 17 5 0 4 22
4 6 24 0.800000 0.040000 4 1 2.250000 12.500000 0.750000 4 15 1 0 4 16
4 6 24 0.800000 0.040000 4 1 2.250000 12.750000 1.750000 4 47 9 0 4 56
4 6 24 0.800000 0.040000 4 2 0.750000 11.500000 2.000000 5 32 3 0 4 35
4 6 24 0.800000 0.040000 4 1 3.000000 13.750000 1.500000 4 44 14 0 4 58
4 6 24 0.800000 0.040000 4 1 1.750000 13.250000 1.250000 4 24 5 0 4 29
4 6 24 0.800000 0.040000 4 1 2.750000 10.500000 1.750000 4 183 18 0 4 201
4 6 24 0.800000 0.040000 4 1 2.000000 13.000000 1.500000 4 91 9 0 4 100
4 6 24 0.800000 0.040000 4 1 1.750000 12.000000 1.250000 4 32 7 2 4 41
4 6 24 0.800000 0.040000 4 1 2.250000 12.250000 1.500000 4 38 8 0 4 46
4 6 24 0.800000 0.040000 4 1 2.500000 11.500000 0.750000 4 54 8 0 4 62
4 6 24 0.800000 0.040000 4 1 2.500000 13.250000 1.250000 4 79 10 0 4 89
4 6 24 0.800000 0.040000 4 1 3.250000 10.750000 1.500000 4 31 5 0 4 36
4 6 24 0.800000 0.040000 4 1 2.250000 11.250000 2.250000 4 63 18 0 4 81
4 6 24 0.800000 0.040000 4 1 1.750000 12.000000 1.500000 4 23 3 0 4 26
4 6 24 0.800000 0.040000 4 1 2.000000 11.500000 1.750000 4 55 13 0 4 68
4 6 24 0.800000 0.040000 4 1 3.250000 12.750000 0.750000 4 54 4 0 4 58
4 6 24 0.800000 0.040000 4 1 2.250000 13.000000 1.500000 4 29 7 0 4 36
4 6 24 0.800000 0.040000 4 1 2.000000 12.500000 0.750000 4 20 6 0 4 26
4 6 24 0.800000 0.040000 4 1 2.750000 12.500000 1.500000 4 33 7 0 4 40
4 6 24 0.800000 0.040000 4 1 2.250000 12.250000 0.500000 4 64 6 0 4 70
4 6 24 0.800000 0.040000 4 1 2.500000 12.750000 0.750000 4 26 7 0 4 33
4 6 24 0.800000 0.040000 4 1 0.750000 12.500000 1.750000 4 33 13 0 4 46
4 6 24 0.800000 0.040000 4 1 3.000000 10.750000 1.500000 4 40 6 0 4 46
4 6 24 0.800000 0.040000 4 1 3.500000 12.500000 0.750000 4 46 2 0 4 48
4 6 24 0.800000 0.040000 4 1 2.750000 12.000000 1.250000 4 33 9 0 4 42
4 6 24 0.800000 0.040000 4 1 2.000000 11.500000 1.250000 4 29 7 0 4 36
4 6 24 0.800000 0.040000 4 1 2.750000 12.000000 1.000000 4 43 7 0 4 50
4 6 24 0.800000 0.040000 4 1 2.000000 12.500000 1.500000 4 42 7 0 4 49
4 6 24 0.800000 0.040000 4 1 1.750000 14.500000 0.750000 4 425 14 0 4 439
4 6 24 0.800000 0.040000 4 1 2.500000 12.750000 1.000000 4 24 6 0 4 30
4 6 24 0.800000 0.040000 4 1 2.250000 12.000000 1.500000 4 41 13 0 4 54
4 6 24 0.800000 0.040000 4 1 2.500000 12.500000 0.500000 4 25 2 0 4 27
4 6 24 0.800000 0.040000 4 1 3.250000 13.250000 0.750000 4 229 14 0 4 243
4 6 24 0.800000 0.040000 4 1 2.750000 12.000000 1.250000 4 26 3 0 4 29
4 6 24 0.800000 0.040000 4 1 2.750000 13.000000 1.750000 4 31 9 0 4 40
4 6 24 0.800000 0.040000 4 1 1.500000 10.750000 0.500000 4 33 4 0 4 37
4 6 24 0.800000 0.040000 4 2 1.500000 12.500000 1.000000 4 51 4 0 4 55
4 6 24 0.800000 0.040000 4 1 2.250000 10.750000 1.000000 4 43 4 0 4 47
4 6 24 0.800000 0.040000 4 1 2.500000 12.750000 1.250000 4 37 11 0 4 48
4 6 24 0.800000 0.040000 4 1 2.500000 11.750000 1.750000 4 60 4 0 4 64
4 6 24 0.800000 0.040000 4 1 1.500000 11.500000 0.500000 4 12 0 0 4 12
4 6 24 0.800000 0.040000 4 1 2.000000 12.250000 0.750000 4 58 7 0 4 65
4 6 24 0.800000 0.040000 4 1 2.500000 11.750000 0.750000 4 22 3 0 4 25
4 6 24 0.800000 0.040000 4 1 2.750000 11.750000 1.500000 4 86 8 0 4 94
4 6 24 0.800000 0.040000 4 1 2.500000 10.250000 0.250000 4 14 0 0 4 14
4 6 24 0.800000 0.040000 4 1 3.250000 11.500000 1.000000 4 23 3 0 4 26
4 6 24 0.800000 0.040000 4 1 2.500000 12.250000 0.250000 4 19 3 0 4 22
4 6 24 0.800000 0.040000 4 1 2.000000 12.250000 0.750000 4 36 5 0 4 41
4 6 24 0.800000 0.040000 4 1 3.000000 13.250000 1.750000 4 50 7 0 4 57
4 6 24 0.800000 0.040000 4 1 1.750000 13.000000 0.750000 4 19 2 0 4 21
4 6 24 0.800000 0.040000 4 1 2.250000 12.750000 1.500000 4 96 7 0 4 103
4 6 24 0.800000 0.040000 4 2 0.500000 11.500000 1.250000 4 21 5 0 4 26
4 6 24 0.800000 0.040000 4 1 3.000000 11.500000 1.250000 4 38 9 0 4 47
4 6 24 0.800000 0.040000 4 1 1.750000 12.750000 1.000000 4 60 4 0 4 64
4 6 24 0.800000 0.040000 4 1 2.750000 11.750000 1.250000 4 32 6 0 4 38
4 6 24 0.800000 0.040000 4 1 1.750000 11.000000 2.000000 4 24 10 0 4 34
4 6 24 0.800000 0.040000 4 1 2.250000 11.000000 1.500000 4 39 9 0 4 48
4 6 24 0.800000 0.040000 4 1 1.500000 12.250000 2.250000 4 33 11 1 4 45
4 6 24 0.800000 0.040000 4 1 1.500000 11.500000 0.750000 4 18 1 0 4 19
4 6 24 0.800000 0.040000 4 1 2.750000 13.000000 3.250000 4 39 16 0 4 55
4 6 24 0.800000 0.040000 4 1 4.000000 13.250000 1.750000 4 56 14 0 4 70
4 6 24 0.800000 0.040000 4 1 1.500000 13.000000 1.250000 4 39 6 0 4 45
4 6 24 0.800000 0.040000 4 1 1.500000 11.750000 1.500000 4 44 8 0 4 52
4 6 24 0.800000 0.040000 4 1 2.000000 12.000000 1.000000 4 19 2 0 4 21
4 6 24 0.800000 0.040000 4 1 2.000000 10.250000 1.000000 4 14 1 0 4 15
4 6 24 0.800000 0.040000 4 1 1.750000 11.250000 1.250000 4 25 6 0 4 31
4 6 24 0.800000 0.040000 4 1 2.000000 12.250000 1.000000 4 29 5 0 4 34
4 6 24 0.800000 0.040000 4 1 3.500000 10.500000 1.000000 4 29 4 0 4 33
4 6 24 0.800000 0.040000 4 1 2.750000 12.750000 2.000000 4 68 15 0 4 83
4 6 24 0.800000 0.040000 4 1 1.500000 11.500000 1.000000 4 21 2 0 4 23
4 6 24 0.800000 0.040000 4 1 2.250000 11.250000 1.750000 4 31 7 0 4 38
4 6 24 0.800000 0.040000 4 1 2.500000 12.500000 0.500000 4 24 2 0 4 26
4 6 24 0.800000 0.040000 4 1 2.500000 12.500000 1.250000 4 36 10 0 4 46
4 6 24 0.800000 0.040000 4 1 3.000000 12.500000 1.000000 4 83 8 0 4 91
4 6 24 0.800000 0.040000 4 1 2.250000 12.250000 1.000000 4 51 8 0 4 59
4 6 24 0.800000 0.040000 4 1 0.750000 13.250000 1.000000 4 28 3 0 4 31
4 6 24 0.800000 0.040000 4 1 1.750000 14.000000 0.750000 4 676 12 0 4 688
4 6 24 0.800000 0.040000 4 1 2.000000 12.000000 1.000000 4 25 4 0 4 29
4 6 24 0.800000 0.040000 4 1 0.750000 11.500000 2.250000 4 82 13 0 4 95
4 6 24 0.800000 0.040000 4 1 3.750000 12.750000 0.750000 4 351 19 0 4 370
4 6 24 0.800000 0.040000 4 1 2.500000 12.000000 1.000000 4 39 5 0 4 44
4 6 24 0.800000 0.040000 4 1 1.250000 13.250000 1.250000 4 22 1 0 4 23
4 6 24 0.800000 0.040000 4 1 3.500000 11.750000 1.500000 4 40 11 0 4 51
