
48 13 12 12 11 
48 13 13 13 9 
48 13 12 8 15 
48 10 13 12 13 
48 15 12 15 6 
48 15 16 9 8 
48 20 8 14 6 
48 16 14 13 5 
48 14 16 8 10 
48 15 8 14 11 
48 20 11 13 4 
48 16 6 12 14 
48 11 12 13 12 
48 15 12 12 9 
48 15 13 10 10 
48 11 10 17 10 
48 13 11 14 10 
48 16 12 12 8 
48 17 9 14 8 
48 12 15 12 9 
48 11 13 9 15 
48 17 14 14 3 
48 17 11 8 12 
48 16 12 12 8 
48 16 7 14 11 
48 12 13 14 9 
48 7 13 17 11 
48 10 12 14 12 
48 9 13 14 12 
48 15 13 11 9 
48 13 12 12 11 
48 17 10 5 16 
48 14 12 10 12 
48 13 16 11 8 
48 14 12 15 7 
48 15 11 12 10 
48 15 11 12 10 
48 13 13 15 7 
48 12 12 12 12 
48 16 11 8 13 
48 14 16 7 11 
48 8 15 14 11 
48 9 13 17 9 
48 15 11 7 15 
48 16 10 13 9 
48 8 20 10 10 
48 18 10 11 9 
48 13 11 13 11 
48 13 8 14 13 
48 12 11 11 14 
48 17 8 14 9 
48 12 11 13 12 
48 15 11 10 12 
48 15 9 12 12 
48 14 11 11 12 
48 17 14 7 10 
48 16 9 17 6 
48 12 12 12 12 
48 13 10 13 12 
48 12 14 12 10 
48 16 13 11 8 
48 13 11 11 13 
48 17 10 13 8 
48 19 13 11 5 
48 9 14 13 12 
48 21 5 14 8 
48 14 10 11 13 
48 15 9 12 12 
48 19 12 4 13 
48 16 13 12 7 
48 10 18 6 14 
48 11 13 19 5 
48 12 15 7 14 
48 13 15 7 13 
48 14 12 15 7 
48 8 14 15 11 
48 12 14 11 11 
48 15 12 12 9 
48 12 10 14 12 
48 16 10 11 11 
48 15 13 7 13 
48 15 8 14 11 
48 9 16 13 10 
48 15 13 8 12 
48 12 12 11 13 
48 12 14 10 12 
48 12 10 12 14 
48 13 13 10 12 
48 12 13 12 11 
48 23 7 12 6 
48 15 17 9 7 
48 14 10 9 15 
48 15 12 14 7 
48 17 12 13 6 
12 36 13 14 13 8 
48 16 13 7 12 
48 13 8 16 11 
48 12 10 15 11 
48 13 10 10 15 
48 13 15 12 8 
