c k n p q num_opinions_initial num_components_initial avg_num_cross_connections avg_num_within_connections avg_opinion_divergence num_components_final num_successful num_unsuccessful num_neighbourless_speaker num_opinions_final num_timesteps
4 12 48 0.820000 0.020000 4 1 3.500000 54.250000 2.000000 4 73 10 0 4 83
4 12 48 0.820000 0.020000 4 1 3.500000 52.250000 2.250000 4 120 16 0 4 136
4 12 48 0.820000 0.020000 4 1 5.750000 54.500000 2.750000 4 131 22 0 4 153
4 12 48 0.820000 0.020000 4 1 2.000000 53.250000 2.250000 4 142 21 0 4 163
4 12 48 0.820000 0.020000 4 1 5.000000 52.500000 2.500000 4 150 24 0 4 174
4 12 48 0.820000 0.020000 4 1 2.250000 50.750000 1.750000 4 168 11 0 4 179
4 12 48 0.820000 0.020000 4 1 5.250000 55.250000 2.500000 4 136 26 0 4 162
4 12 48 0.820000 0.020000 4 1 4.500000 56.500000 1.250000 4 142 12 0 4 154
4 12 48 0.820000 0.020000 4 1 4.500000 52.750000 0.750000 4 123 11 0 4 134
4 12 48 0.820000 0.020000 4 1 3.750000 54.250000 2.250000 4 118 16 0 4 134
4 12 48 0.820000 0.020000 4 1 3.750000 55.000000 2.000000 4 131 28 0 4 159
4 12 48 0.820000 0.020000 4 1 4.000000 56.500000 3.500000 4 169 31 0 4 200
4 12 48 0.820000 0.020000 4 1 4.500000 52.500000 3.500000 4 142 29 0 4 171
4 12 48 0.820000 0.020000 4 1 3.500000 52.750000 0.750000 4 60 4 0 4 64
4 12 48 0.820000 0.020000 4 1 3.250000 53.500000 2.250000 4 156 30 0 4 186
4 12 48 0.820000 0.020000 4 1 3.750000 52.500000 1.750000 4 141 22 0 4 163
4 12 48 0.820000 0.020000 4 1 2.250000 55.250000 2.250000 4 68 12 0 4 80
4 12 48 0.820000 0.020000 4 1 6.500000 52.750000 3.750000 4 195 47 0 4 242
4 12 48 0.820000 0.020000 4 1 3.500000 54.750000 2.750000 4 135 20 0 4 155
4 12 48 0.820000 0.020000 4 1 5.500000 56.250000 2.000000 4 107 21 0 4 128
4 12 48 0.820000 0.020000 4 1 5.250000 56.250000 1.750000 4 133 17 0 4 150
4 12 48 0.820000 0.020000 4 1 3.000000 55.000000 3.750000 4 249 44 0 4 293
4 12 48 0.820000 0.020000 4 1 3.000000 52.250000 1.500000 4 205 16 0 4 221
4 12 48 0.820000 0.020000 4 1 2.750000 55.500000 2.750000 4 130 17 0 4 147
4 12 48 0.820000 0.020000 4 1 2.500000 54.750000 2.500000 4 116 13 0 4 129
4 12 48 0.820000 0.020000 4 1 5.250000 55.000000 1.750000 4 119 13 0 4 132
4 12 48 0.820000 0.020000 4 1 2.750000 55.250000 1.500000 4 206 23 0 4 229
4 12 48 0.820000 0.020000 4 1 4.250000 51.500000 1.500000 4 246 2 0 4 248
4 12 48 0.820000 0.020000 4 1 3.750000 55.000000 2.250000 4 120 20 0 4 140
4 12 48 0.820000 0.020000 4 1 4.500000 57.000000 2.000000 4 184 21 0 4 205
4 12 48 0.820000 0.020000 4 1 3.250000 56.500000 0.750000 4 38 3 0 4 41
4 12 48 0.820000 0.020000 4 1 3.000000 53.750000 2.500000 4 260 29 0 4 289
4 12 48 0.820000 0.020000 4 1 4.250000 55.500000 2.000000 4 136 24 0 4 160
4 12 48 0.820000 0.020000 4 1 5.000000 56.250000 1.750000 4 123 9 0 4 132
4 12 48 0.820000 0.020000 4 1 5.750000 52.750000 1.750000 4 122 19 0 4 141
4 12 48 0.820000 0.020000 4 1 7.500000 57.250000 1.500000 4 103 18 0 4 121
4 12 48 0.820000 0.020000 4 1 5.000000 52.500000 1.500000 4 206 9 0 4 215
4 12 48 0.820000 0.020000 4 1 5.250000 53.750000 4.000000 4 203 49 0 4 252
4 12 48 0.820000 0.020000 4 1 4.750000 51.000000 1.500000 4 92 9 0 4 101
4 12 48 0.820000 0.020000 4 1 4.000000 56.000000 3.500000 4 189 51 0 4 240
4 12 48 0.820000 0.020000 4 1 3.000000 52.000000 1.250000 4 101 8 0 4 109
4 12 48 0.820000 0.020000 4 1 5.500000 52.750000 2.000000 4 93 15 0 4 108
4 12 48 0.820000 0.020000 4 1 6.250000 56.750000 2.750000 4 187 57 0 4 244
4 12 48 0.820000 0.020000 4 1 3.750000 55.500000 3.250000 4 141 35 0 4 176
4 12 48 0.820000 0.020000 4 1 5.000000 55.000000 1.750000 4 79 12 0 4 91
4 12 48 0.820000 0.020000 4 1 4.500000 56.000000 1.750000 4 93 16 0 4 109
4 12 48 0.820000 0.020000 4 1 3.750000 53.500000 1.250000 4 82 9 0 4 91
4 12 48 0.820000 0.020000 4 1 4.250000 52.750000 2.250000 4 104 15 0 4 119
4 12 48 0.820000 0.020000 4 1 3.750000 56.250000 3.750000 4 205 36 0 4 241
4 12 48 0.820000 0.020000 4 1 4.000000 53.500000 2.500000 4 118 32 0 4 150
4 12 48 0.820000 0.020000 4 1 6.750000 52.500000 2.250000 4 92 13 0 4 105
4 12 48 0.820000 0.020000 4 1 4.750000 53.250000 0.750000 4 82 6 0 4 88
4 12 48 0.820000 0.020000 4 1 5.250000 56.250000 1.500000 4 153 20 0 4 173
4 12 48 0.820000 0.020000 4 1 7.250000 55.500000 2.000000 4 144 25 0 4 169
4 12 48 0.820000 0.020000 4 1 4.750000 54.000000 2.250000 4 145 29 0 4 174
4 12 48 0.820000 0.020000 4 1 4.000000 55.000000 1.500000 4 156 18 0 4 174
4 12 48 0.820000 0.020000 4 1 5.000000 54.000000 2.250000 4 151 33 0 4 184
4 12 48 0.820000 0.020000 4 1 5.250000 54.500000 1.000000 4 76 13 0 4 89
4 12 48 0.820000 0.020000 4 1 4.250000 53.500000 3.250000 4 156 26 0 4 182
4 12 48 0.820000 0.020000 4 1 3.750000 53.250000 1.250000 4 91 5 0 4 96
4 12 48 0.820000 0.020000 4 1 5.000000 52.750000 2.500000 4 154 25 0 4 179
4 12 48 0.820000 0.020000 4 1 4.750000 55.250000 1.250000 4 80 7 0 4 87
4 12 48 0.820000 0.020000 4 1 3.250000 53.750000 2.250000 4 109 20 0 4 129
4 12 48 0.820000 0.020000 4 1 4.250000 57.750000 2.250000 4 467 42 0 4 509
4 12 48 0.820000 0.020000 4 1 4.750000 55.000000 1.250000 4 112 12 0 4 124
4 12 48 0.820000 0.020000 4 1 4.000000 54.750000 2.250000 4 142 22 0 4 164
4 12 48 0.820000 0.020000 4 1 5.250000 55.250000 3.000000 4 115 21 0 4 136
4 12 48 0.820000 0.020000 4 1 6.000000 55.250000 1.750000 4 119 17 0 4 136
4 12 48 0.820000 0.020000 4 1 4.000000 56.750000 2.250000 4 103 15 0 4 118
4 12 48 0.820000 0.020000 4 1 4.500000 55.250000 2.500000 4 108 18 0 4 126
4 12 48 0.820000 0.020000 4 1 5.750000 55.500000 3.250000 4 259 25 0 4 284
4 12 48 0.820000 0.020000 4 1 4.000000 53.750000 2.250000 4 101 17 0 4 118
4 12 48 0.820000 0.020000 4 1 5.000000 55.250000 1.500000 4 81 12 0 4 93
4 12 48 0.820000 0.020000 4 1 5.500000 55.250000 3.750000 4 205 42 0 4 247
4 12 48 0.820000 0.020000 4 1 5.000000 55.250000 1.500000 4 157 24 0 4 181
4 12 48 0.820000 0.020000 4 1 4.000000 54.250000 2.000000 4 69 8 0 4 77
4 12 48 0.820000 0.020000 4 1 3.500000 53.250000 2.500000 4 170 25 0 4 195
4 12 48 0.820000 0.020000 4 1 5.250000 53.750000 1.500000 4 86 12 0 4 98
4 12 48 0.820000 0.020000 4 1 4.250000 52.500000 2.250000 4 80 13 0 4 93
4 12 48 0.820000 0.020000 4 1 2.750000 54.500000 1.750000 4 70 8 0 4 78
4 12 48 0.820000 0.020000 4 1 4.500000 53.000000 1.750000 4 123 14 0 4 137
4 12 48 0.820000 0.020000 4 1 5.250000 55.250000 1.500000 4 84 4 0 4 88
4 12 48 0.820000 0.020000 4 1 2.750000 54.250000 2.000000 4 105 14 0 4 119
4 12 48 0.820000 0.020000 4 1 3.250000 51.500000 2.250000 4 127 12 0 4 139
4 12 48 0.820000 0.020000 4 1 5.000000 54.250000 2.250000 4 167 17 0 4 184
4 12 48 0.820000 0.020000 4 1 4.500000 55.500000 1.750000 4 152 10 0 4 162
4 12 48 0.820000 0.020000 4 1 6.000000 53.500000 1.500000 4 114 6 0 4 120
4 12 48 0.820000 0.020000 4 1 3.500000 56.500000 1.250000 4 49 6 0 4 55
4 12 48 0.820000 0.020000 4 1 3.000000 51.000000 2.250000 4 99 14 0 4 113
4 12 48 0.820000 0.020000 4 1 4.000000 56.750000 2.500000 4 164 40 0 4 204
4 12 48 0.820000 0.020000 4 1 7.000000 55.250000 2.750000 4 257 56 0 4 313
4 12 48 0.820000 0.020000 4 1 4.750000 55.250000 2.000000 4 131 19 0 4 150
4 12 48 0.820000 0.020000 4 1 6.250000 52.250000 2.500000 4 196 27 0 4 223
4 12 48 0.820000 0.020000 4 1 3.500000 57.250000 2.250000 4 134 18 0 4 152
4 12 48 0.820000 0.020000 4 2 3.250000 55.250000 2.000000 4 121 15 0 4 136
4 12 48 0.820000 0.020000 4 1 3.250000 52.500000 3.250000 4 210 35 0 4 245
4 12 48 0.820000 0.020000 4 1 5.000000 50.750000 2.000000 4 128 11 0 4 139
4 12 48 0.820000 0.020000 4 1 3.000000 54.750000 2.250000 4 117 15 0 4 132
4 12 48 0.820000 0.020000 4 1 3.750000 55.000000 2.750000 4 130 25 0 4 155
4 12 48 0.820000 0.020000 4 1 5.500000 54.000000 1.500000 4 229 23 0 4 252
