
24 12 12 
24 15 9 
24 13 11 
24 14 10 
24 16 8 
24 17 7 
24 14 10 
24 9 15 
24 15 9 
24 17 7 
24 20 4 
24 12 12 
24 11 13 
24 15 9 
24 13 11 
24 16 8 
24 10 14 
24 12 12 
24 12 12 
24 15 9 
24 15 9 
24 9 15 
24 12 12 
24 12 12 
24 17 7 
24 11 13 
24 16 8 
24 13 11 
24 17 7 
24 12 12 
24 16 8 
24 14 10 
24 16 8 
24 13 11 
24 15 9 
24 20 4 
24 11 13 
24 12 12 
24 17 7 
24 13 11 
24 10 14 
24 10 14 
24 13 11 
24 11 13 
24 10 14 
24 12 12 
24 10 14 
24 15 9 
24 10 14 
24 12 12 
24 12 12 
24 13 11 
24 13 11 
24 10 14 
24 11 13 
24 14 10 
24 18 6 
24 16 8 
24 14 10 
24 10 14 
24 14 10 
24 9 15 
24 17 7 
24 12 12 
24 13 11 
24 14 10 
24 13 11 
24 15 9 
24 14 10 
24 14 10 
24 12 12 
24 13 11 
24 17 7 
24 12 12 
24 17 7 
24 14 10 
24 19 5 
24 11 13 
24 10 14 
24 13 11 
24 11 13 
24 10 14 
24 18 6 
24 13 11 
24 12 12 
24 17 7 
24 14 10 
24 15 9 
24 13 11 
24 11 13 
24 13 11 
24 15 9 
24 16 8 
24 8 16 
24 10 14 
12 12 11 13 
24 10 14 
24 16 8 
24 12 12 
24 17 7 
