c k n p q num_opinions_initial num_components_initial avg_num_cross_connections avg_num_within_connections avg_opinion_divergence num_components_final num_successful num_unsuccessful num_neighbourless_speaker num_opinions_final num_timesteps
2 12 24 0.800000 0.040000 2 1 1.500000 55.500000 1.000000 2 22 1 0 2 23
2 12 24 0.800000 0.040000 2 1 2.500000 57.000000 2.000000 2 42 4 0 2 46
2 12 24 0.800000 0.040000 2 1 3.000000 52.500000 2.500000 2 38 4 0 2 42
2 12 24 0.800000 0.040000 2 1 4.000000 51.000000 1.000000 2 53 5 0 2 58
2 12 24 0.800000 0.040000 2 1 2.500000 51.000000 2.500000 2 46 5 0 2 51
2 12 24 0.800000 0.040000 2 1 2.000000 51.000000 3.500000 2 41 5 0 2 46
2 12 24 0.800000 0.040000 2 1 4.500000 53.000000 3.000000 2 98 18 0 2 116
2 12 24 0.800000 0.040000 2 1 3.000000 53.500000 4.500000 2 83 12 0 2 95
2 12 24 0.800000 0.040000 2 1 1.000000 52.500000 4.000000 2 70 21 0 2 91
2 12 24 0.800000 0.040000 2 1 6.500000 53.000000 1.500000 2 61 13 0 2 74
2 12 24 0.800000 0.040000 2 1 3.500000 51.500000 2.000000 2 78 13 0 2 91
2 12 24 0.800000 0.040000 2 1 2.500000 56.000000 3.500000 2 59 8 0 2 67
2 12 24 0.800000 0.040000 2 1 2.000000 50.500000 1.500000 2 46 3 0 2 49
2 12 24 0.800000 0.040000 2 1 2.500000 57.000000 2.500000 2 115 25 0 2 140
2 12 24 0.800000 0.040000 2 1 4.000000 53.000000 3.000000 2 53 9 0 2 62
2 12 24 0.800000 0.040000 2 1 3.500000 51.500000 4.000000 2 49 14 0 2 63
2 12 24 0.800000 0.040000 2 1 3.500000 53.000000 1.000000 2 22 0 0 2 22
2 12 24 0.800000 0.040000 2 1 4.500000 54.500000 1.500000 2 65 6 0 2 71
2 12 24 0.800000 0.040000 2 1 2.500000 50.500000 1.000000 2 20 1 0 2 21
2 12 24 0.800000 0.040000 2 1 2.500000 53.000000 1.500000 2 24 0 0 2 24
2 12 24 0.800000 0.040000 2 1 3.000000 53.000000 2.500000 2 46 6 0 2 52
2 12 24 0.800000 0.040000 2 1 2.000000 48.500000 3.000000 2 62 10 0 2 72
2 12 24 0.800000 0.040000 2 1 3.000000 53.500000 2.000000 2 31 2 0 2 33
2 12 24 0.800000 0.040000 2 1 3.500000 51.500000 3.000000 2 57 5 0 2 62
2 12 24 0.800000 0.040000 2 1 2.500000 51.500000 2.500000 2 35 6 0 2 41
2 12 24 0.800000 0.040000 2 1 3.500000 52.500000 2.500000 2 136 9 0 2 145
2 12 24 0.800000 0.040000 2 1 2.500000 53.500000 1.000000 2 43 5 0 2 48
2 12 24 0.800000 0.040000 2 1 1.500000 53.000000 3.500000 2 54 16 0 2 70
2 12 24 0.800000 0.040000 2 1 1.000000 51.000000 1.500000 2 34 6 0 2 40
2 12 24 0.800000 0.040000 2 1 2.500000 57.000000 4.500000 2 65 8 0 2 73
2 12 24 0.800000 0.040000 2 1 2.500000 54.000000 2.500000 2 61 12 0 2 73
2 12 24 0.800000 0.040000 2 1 3.500000 58.500000 4.500000 2 71 14 0 2 85
2 12 24 0.800000 0.040000 2 1 1.500000 53.500000 2.000000 2 48 7 0 2 55
2 12 24 0.800000 0.040000 2 1 1.500000 54.500000 3.500000 2 39 4 0 2 43
2 12 24 0.800000 0.040000 2 1 1.500000 52.500000 3.000000 2 81 15 0 2 96
2 12 24 0.800000 0.040000 2 1 2.000000 51.500000 3.500000 2 89 10 0 2 99
2 12 24 0.800000 0.040000 2 1 2.500000 54.500000 2.000000 2 56 7 0 2 63
2 12 24 0.800000 0.040000 2 1 5.000000 53.500000 4.000000 2 59 15 0 2 74
2 12 24 0.800000 0.040000 2 1 3.000000 55.500000 2.500000 2 85 7 0 2 92
2 12 24 0.800000 0.040000 2 1 3.500000 53.500000 3.000000 2 48 7 0 2 55
2 12 24 0.800000 0.040000 2 1 2.500000 54.500000 1.000000 2 32 2 0 2 34
2 12 24 0.800000 0.040000 2 1 4.500000 53.500000 1.500000 2 22 2 0 2 24
2 12 24 0.800000 0.040000 2 1 1.000000 54.500000 3.500000 2 56 8 0 2 64
2 12 24 0.800000 0.040000 2 1 1.000000 52.500000 3.000000 2 85 9 0 2 94
2 12 24 0.800000 0.040000 2 1 1.500000 55.000000 2.000000 2 43 4 0 2 47
2 12 24 0.800000 0.040000 2 1 2.500000 54.500000 2.500000 2 40 8 0 2 48
2 12 24 0.800000 0.040000 2 1 2.500000 53.500000 3.000000 2 63 6 0 2 69
2 12 24 0.800000 0.040000 2 1 1.000000 50.500000 1.000000 2 115 9 0 2 124
2 12 24 0.800000 0.040000 2 1 2.500000 50.500000 3.500000 2 50 15 0 2 65
2 12 24 0.800000 0.040000 2 1 2.000000 56.500000 2.500000 2 48 7 0 2 55
2 12 24 0.800000 0.040000 2 1 3.000000 53.000000 1.000000 2 26 7 0 2 33
2 12 24 0.800000 0.040000 2 1 2.000000 55.500000 2.000000 2 81 8 0 2 89
2 12 24 0.800000 0.040000 2 1 4.000000 53.500000 1.000000 2 32 6 0 2 38
2 12 24 0.800000 0.040000 2 1 2.000000 51.000000 4.000000 2 44 7 0 2 51
2 12 24 0.800000 0.040000 2 1 1.000000 51.500000 4.000000 2 54 12 0 2 66
2 12 24 0.800000 0.040000 2 1 0.500000 54.000000 1.000000 2 22 5 0 2 27
2 12 24 0.800000 0.040000 2 1 3.000000 55.000000 3.500000 2 60 15 0 2 75
2 12 24 0.800000 0.040000 2 1 1.500000 51.500000 2.000000 2 80 9 0 2 89
2 12 24 0.800000 0.040000 2 1 2.000000 53.000000 3.000000 2 67 16 0 2 83
2 12 24 0.800000 0.040000 2 1 3.500000 53.000000 2.500000 2 51 11 0 2 62
2 12 24 0.800000 0.040000 2 1 4.000000 51.000000 2.000000 2 41 6 0 2 47
2 12 24 0.800000 0.040000 2 1 0.500000 51.000000 3.000000 2 59 7 0 2 66
2 12 24 0.800000 0.040000 2 1 3.000000 54.000000 2.500000 2 40 9 0 2 49
2 12 24 0.800000 0.040000 2 1 2.500000 52.000000 0.500000 2 55 5 0 2 60
2 12 24 0.800000 0.040000 2 1 3.000000 50.500000 3.000000 2 56 13 0 2 69
2 12 24 0.800000 0.040000 2 1 2.500000 52.000000 2.500000 2 43 10 0 2 53
2 12 24 0.800000 0.040000 2 1 3.000000 48.000000 3.000000 2 35 6 0 2 41
2 12 24 0.800000 0.040000 2 1 3.000000 55.000000 2.500000 2 58 9 0 2 67
2 12 24 0.800000 0.040000 2 1 0.500000 54.000000 3.000000 2 34 7 0 2 41
2 12 24 0.800000 0.040000 2 1 2.500000 54.500000 2.500000 2 58 10 0 2 68
2 12 24 0.800000 0.040000 2 1 2.000000 55.000000 1.000000 2 25 2 0 2 27
2 12 24 0.800000 0.040000 2 1 4.000000 53.500000 2.500000 2 69 12 0 2 81
2 12 24 0.800000 0.040000 2 1 2.000000 55.500000 3.000000 2 70 16 0 2 86
2 12 24 0.800000 0.040000 2 1 3.500000 55.000000 2.500000 2 64 9 0 2 73
2 12 24 0.800000 0.040000 2 1 3.500000 54.000000 5.000000 2 108 16 0 2 124
2 12 24 0.800000 0.040000 2 1 2.000000 57.500000 2.500000 2 80 8 0 2 88
2 12 24 0.800000 0.040000 2 1 3.500000 52.000000 1.500000 2 31 9 0 2 40
2 12 24 0.800000 0.040000 2 1 4.500000 54.000000 3.000000 2 51 11 0 2 62
2 12 24 0.800000 0.040000 2 1 2.500000 51.000000 1.500000 2 76 5 0 2 81
2 12 24 0.800000 0.040000 2 1 3.000000 55.500000 2.000000 2 33 4 0 2 37
2 12 24 0.800000 0.040000 2 1 3.000000 50.500000 1.000000 2 18 1 0 2 19
2 12 24 0.800000 0.040000 2 1 4.000000 54.500000 2.500000 2 112 19 0 2 131
2 12 24 0.800000 0.040000 2 1 2.500000 53.000000 2.000000 2 40 5 0 2 45
2 12 24 0.800000 0.040000 2 1 2.000000 54.000000 3.000000 2 76 14 0 2 90
2 12 24 0.800000 0.040000 2 1 5.000000 52.500000 1.000000 2 27 3 0 2 30
2 12 24 0.800000 0.040000 2 1 4.000000 51.500000 1.500000 2 57 7 0 2 64
2 12 24 0.800000 0.040000 2 1 2.000000 52.000000 2.500000 2 64 6 0 2 70
2 12 24 0.800000 0.040000 2 1 4.000000 54.000000 2.000000 2 140 14 0 2 154
2 12 24 0.800000 0.040000 2 1 2.000000 54.500000 2.500000 2 50 6 0 2 56
2 12 24 0.800000 0.040000 2 1 3.500000 50.500000 3.000000 2 76 14 0 2 90
2 12 24 0.800000 0.040000 2 1 2.500000 55.500000 3.500000 2 97 26 0 2 123
2 12 24 0.800000 0.040000 2 1 1.000000 49.000000 4.500000 2 73 20 0 2 93
2 12 24 0.800000 0.040000 2 1 4.500000 53.500000 2.500000 2 51 8 0 2 59
2 12 24 0.800000 0.040000 2 1 3.500000 54.500000 2.500000 2 37 8 0 2 45
2 12 24 0.800000 0.040000 2 1 3.500000 53.000000 3.000000 2 38 8 0 2 46
2 12 24 0.800000 0.040000 2 2 0.000000 53.000000 1.000000 2 22 1 0 2 23
2 12 24 0.800000 0.040000 2 1 3.000000 58.500000 2.000000 2 65 10 0 2 75
2 12 24 0.800000 0.040000 2 1 1.500000 54.000000 1.500000 2 47 7 0 2 54
2 12 24 0.800000 0.040000 2 1 2.500000 53.500000 1.000000 2 29 2 0 2 31
2 12 24 0.800000 0.040000 2 1 3.000000 51.000000 2.000000 2 36 5 0 2 41
