72 72 28 3 12 1 14 7 1 4 1 1 
72 72 28 3 12 1 14 7 1 4 1 1 
72 72 5 12 1 10 5 31 4 2 1 1 
72 72 10 30 8 12 3 3 5 1 
72 72 10 30 8 12 3 3 5 1 
72 72 22 5 4 1 2 24 1 9 4 
72 72 22 5 4 1 2 24 1 9 4 
72 72 31 2 11 1 13 1 4 4 2 3 
72 72 31 2 11 1 13 1 4 4 2 3 
72 72 4 5 6 5 4 1 1 5 32 4 5 
72 72 4 5 6 5 4 1 1 5 32 4 5 
72 72 14 3 1 30 9 2 3 4 1 2 2 1 
72 72 21 1 12 1 1 4 23 5 4 
72 72 14 3 1 30 9 2 3 4 1 2 2 1 
72 72 19 7 29 3 2 4 1 2 5 
72 72 19 7 29 3 2 4 1 2 5 
72 72 13 12 2 2 30 1 2 2 2 6 
72 72 13 12 2 2 30 1 2 2 2 6 
72 72 13 12 2 2 30 1 2 2 2 6 
72 72 31 1 2 4 3 3 7 10 9 2 
72 72 31 1 2 4 3 3 7 10 9 2 
72 72 33 3 13 6 3 2 1 1 4 2 4 
72 72 33 3 13 6 3 2 1 1 4 2 4 
72 72 13 2 29 4 2 6 10 6 
72 72 5 18 27 10 2 3 2 4 1 
72 72 5 18 27 10 2 3 2 4 1 
72 72 9 20 8 6 25 2 2 
72 72 9 20 8 6 25 2 2 
72 72 13 3 1 8 1 17 25 3 1 
72 72 13 3 1 8 1 17 25 3 1 
72 72 31 5 5 2 2 12 1 5 5 4 
72 72 31 5 5 2 2 12 1 5 5 4 
72 72 26 8 2 3 1 20 3 7 2 
72 72 26 8 2 3 1 20 3 7 2 
72 72 3 16 29 1 11 1 1 4 5 1 
72 72 32 5 1 5 7 7 6 8 1 
72 72 32 5 1 5 7 7 6 8 1 
72 72 15 8 29 4 5 3 1 3 4 
72 72 15 8 29 4 5 3 1 3 4 
72 72 15 8 29 4 5 3 1 3 4 
72 72 31 7 4 3 10 7 2 3 2 1 2 
72 72 31 7 4 3 10 7 2 3 2 1 2 
72 72 10 29 1 2 1 14 8 4 1 1 1 
72 72 10 29 1 2 1 14 8 4 1 1 1 
72 72 14 5 1 3 1 30 8 6 2 2 
72 72 8 1 1 10 30 8 4 8 2 
72 72 14 5 1 3 1 30 8 6 2 2 
72 72 33 6 4 3 5 4 2 4 3 2 3 3 
72 72 33 6 4 3 5 4 2 4 3 2 3 3 
72 72 7 3 4 3 1 9 8 2 31 4 
72 72 7 3 4 3 1 9 8 2 31 4 
72 72 26 1 18 7 2 11 3 4 
72 72 26 1 18 7 2 11 3 4 
72 72 7 30 3 1 7 2 14 3 1 4 
72 72 7 30 3 1 7 2 14 3 1 4 
72 72 11 21 2 2 3 25 3 5 
72 72 3 16 29 1 11 1 1 4 5 1 
72 72 11 21 2 2 3 25 3 5 
72 72 11 21 2 2 3 25 3 5 
72 72 32 3 5 10 4 1 2 1 9 5 
72 72 32 3 5 10 4 1 2 1 9 5 
72 72 8 30 9 9 7 1 1 7 
72 72 8 30 9 9 7 1 1 7 
72 72 31 3 1 9 8 6 8 4 1 1 
72 72 31 3 1 9 8 6 8 4 1 1 
72 72 1 4 15 2 21 3 24 2 
72 72 1 4 15 2 21 3 24 2 
72 72 6 33 5 6 1 2 3 11 2 3 
72 72 15 4 3 1 30 3 2 1 1 8 4 
72 72 15 4 3 1 30 3 2 1 1 8 4 
72 72 30 12 5 5 4 9 4 2 1 
72 72 30 12 5 5 4 9 4 2 1 
72 72 12 1 33 12 2 4 3 1 1 2 1 
72 72 12 1 33 12 2 4 3 1 1 2 1 
72 72 10 2 1 1 10 11 29 1 2 5 
72 72 10 2 1 1 10 11 29 1 2 5 
72 72 6 1 9 18 27 3 4 2 1 1 
72 72 6 1 9 18 27 3 4 2 1 1 
72 72 6 33 5 6 1 2 3 11 2 3 
72 72 6 1 9 18 27 3 4 2 1 1 
72 72 31 5 7 13 1 2 1 5 2 5 
72 72 31 5 7 13 1 2 1 5 2 5 
72 72 10 31 3 12 2 4 1 5 4 
72 72 10 31 3 12 2 4 1 5 4 
72 72 32 3 4 4 7 5 1 6 5 2 2 1 
72 72 32 3 4 4 7 5 1 6 5 2 2 1 
72 72 3 2 31 5 5 7 3 5 10 1 
72 72 3 2 31 5 5 7 3 5 10 1 
72 72 1 12 6 1 1 28 1 15 4 2 1 
72 72 5 12 1 10 5 31 4 2 1 1 
72 72 1 12 6 1 1 28 1 15 4 2 1 
72 72 33 2 2 6 3 4 3 7 5 5 2 
72 72 33 2 2 6 3 4 3 7 5 5 2 
72 72 29 8 10 7 2 7 1 3 1 2 2 
72 72 29 8 10 7 2 7 1 3 1 2 2 
72 72 6 9 10 4 1 30 10 2 
72 72 6 9 10 4 1 30 10 2 
72 72 6 9 10 4 1 30 10 2 
72 72 29 16 1 1 5 2 5 3 5 5 
72 72 29 16 1 1 5 2 5 3 5 5 
