24 24 15 3 2 1 2 1 
24 24 16 2 2 2 1 1 
24 24 4 1 15 1 3 
24 24 15 3 3 1 2 
24 24 15 3 3 1 2 
24 24 15 6 2 1 
24 24 15 6 2 1 
24 24 15 6 2 1 
24 24 16 1 1 2 3 1 
24 24 16 1 1 2 3 1 
24 24 13 1 7 1 2 
24 24 13 1 7 1 2 
24 24 16 2 2 2 1 1 
24 24 1 2 18 2 1 
24 24 1 2 18 2 1 
24 24 16 3 2 2 1 
24 24 16 3 2 2 1 
24 24 15 3 1 5 
24 24 15 3 1 5 
24 24 15 4 3 2 
24 24 15 4 3 2 
24 24 15 4 2 1 2 
24 24 15 4 2 1 2 
24 24 16 1 1 2 2 2 
24 24 15 1 5 1 2 
24 24 15 1 5 1 2 
24 24 15 2 1 2 4 
24 24 15 2 1 2 4 
24 24 15 2 1 2 4 
24 24 24 24 24 24 24 24 24 24 3 2 1 16 2 
24 24 16 1 1 2 2 2 
24 24 3 2 1 16 2 
24 24 2 1 16 2 3 
24 24 2 1 16 2 3 
24 24 24 24 24 24 15 2 2 1 4 
24 24 15 2 2 1 4 
24 24 16 2 1 1 4 
24 24 16 2 1 1 4 
24 24 1 2 3 2 16 
24 24 16 3 1 1 3 
24 24 1 2 3 2 16 
24 24 1 2 3 2 16 
24 24 1 2 16 2 2 1 
24 24 1 2 16 2 2 1 
24 24 16 5 1 2 
24 24 16 5 1 2 
24 24 24 24 14 1 6 2 1 
24 24 15 5 2 2 
24 24 15 5 2 2 
24 24 5 1 3 15 
24 24 16 1 1 4 2 
24 24 16 3 2 3 
24 24 16 2 4 2 
24 24 16 2 4 2 
24 24 15 2 1 4 2 
24 24 15 2 1 4 2 
24 24 16 1 3 2 2 
24 24 16 1 3 2 2 
24 24 14 1 9 
24 24 14 1 9 
24 24 1 2 1 4 15 1 
24 24 14 1 9 
24 24 16 3 2 1 1 1 
24 24 16 3 2 1 1 1 
12 12 24 24 15 2 4 1 2 
12 12 24 24 15 2 4 1 2 
24 24 16 3 3 1 1 
24 24 16 3 3 1 1 
24 24 15 2 3 2 2 
24 24 15 2 3 2 2 
24 24 15 3 1 2 3 
24 24 1 2 1 4 15 1 
24 24 15 3 1 2 3 
24 24 2 1 16 1 1 3 
24 24 2 1 16 1 1 3 
24 24 24 24 24 24 16 4 1 1 1 1 
24 24 16 4 1 1 1 1 
24 24 16 4 1 1 1 1 
12 12 24 24 15 1 4 1 2 1 
12 12 24 24 15 1 4 1 2 1 
24 24 24 24 16 3 1 1 2 1 
24 24 16 3 1 1 2 1 
24 24 14 3 6 1 
24 24 14 3 6 1 
24 24 8 1 13 2 
24 24 8 1 13 2 
24 24 15 1 3 5 
24 24 15 1 3 5 
24 24 24 24 