48 48 18 9 4 2 1 7 4 2 1 
48 48 18 9 4 2 1 7 4 2 1 
48 48 20 5 1 5 1 2 1 3 8 1 1 
48 48 48 48 48 48 5 1 1 10 20 3 3 1 1 1 2 
48 48 5 1 1 10 20 3 3 1 1 1 2 
48 48 6 7 21 3 1 2 4 3 1 
48 48 6 7 21 3 1 2 4 3 1 
48 48 10 18 1 4 2 8 3 1 1 
48 48 10 18 1 4 2 8 3 1 1 
48 48 20 4 6 6 1 3 5 2 1 
48 48 20 7 1 2 4 3 5 1 4 1 
48 48 20 4 6 6 1 3 5 2 1 
48 48 20 7 3 1 6 1 5 1 2 2 
48 48 20 7 3 1 6 1 5 1 2 2 
48 48 20 7 3 1 6 1 5 1 2 2 
48 48 19 3 4 10 6 1 2 1 2 
48 48 19 3 4 10 6 1 2 1 2 
48 48 20 2 3 2 1 5 2 6 2 5 
48 48 6 3 2 2 3 2 2 21 4 2 1 
48 48 6 3 21 5 1 1 2 3 3 1 1 1 
48 48 6 3 21 5 1 1 2 3 3 1 1 1 
48 48 20 7 1 2 4 3 5 1 4 1 
48 48 19 1 6 1 5 1 7 1 6 1 
48 48 19 1 6 1 5 1 7 1 6 1 
48 48 20 6 3 4 7 5 2 1 
48 48 20 6 3 4 7 5 2 1 
48 48 21 1 4 4 3 4 5 1 3 1 1 
48 48 21 1 4 4 3 4 5 1 3 1 1 
48 48 20 3 1 2 1 3 6 2 10 
48 48 20 3 1 2 1 3 6 2 10 
48 48 48 48 48 48 20 7 1 2 4 3 5 1 4 1 
48 48 48 48 17 1 2 9 6 11 1 1 
48 48 17 1 2 9 6 11 1 1 
48 48 19 8 2 3 1 9 4 1 1 
48 48 16 2 5 2 4 14 4 1 
48 48 3 5 2 2 2 20 2 5 7 
48 48 3 5 2 2 2 20 2 5 7 
48 48 12 3 10 2 1 16 4 
48 48 12 3 10 2 1 16 4 
48 48 9 2 1 21 1 3 4 2 2 1 1 1 
48 48 11 2 1 5 1 4 2 18 4 
48 48 9 2 1 21 1 3 4 2 2 1 1 1 
48 48 6 2 3 1 4 21 1 4 3 1 2 
48 48 6 2 3 1 4 21 1 4 3 1 2 
48 48 48 48 48 48 8 1 1 20 4 4 1 2 5 1 1 
48 48 8 1 1 20 4 4 1 2 5 1 1 
48 48 1 2 4 6 2 20 9 3 1 
48 48 1 2 4 6 2 20 9 3 1 
48 48 1 2 4 6 2 20 9 3 1 
48 48 11 2 1 5 1 4 2 18 4 
48 48 4 15 3 16 1 4 5 
48 48 4 15 3 16 1 4 5 
48 48 16 1 3 4 2 15 4 1 1 1 
48 48 16 1 3 4 2 15 4 1 1 1 
48 48 20 7 6 3 5 1 4 1 1 
48 48 20 7 6 3 5 1 4 1 1 
48 48 11 3 18 6 2 5 1 2 
48 48 11 3 18 6 2 5 1 2 
48 48 20 4 2 7 6 1 1 5 2 
48 48 20 4 2 7 6 1 1 5 2 
48 48 20 4 4 6 3 1 4 1 5 
48 48 7 15 8 12 3 2 1 
48 48 7 15 8 12 3 2 1 
48 48 20 3 1 3 4 5 3 8 1 
48 48 20 3 1 3 4 5 3 8 1 
48 48 22 1 4 1 7 3 5 1 2 2 
48 48 22 1 4 1 7 3 5 1 2 2 
48 48 18 7 4 11 1 3 3 1 
48 48 18 7 4 11 1 3 3 1 
48 48 18 7 4 11 1 3 3 1 
48 48 18 7 1 1 5 4 11 1 
48 48 6 7 2 21 5 2 2 1 1 1 
48 48 18 7 1 1 5 4 11 1 
48 48 4 1 1 20 9 4 4 5 
48 48 4 1 1 20 9 4 4 5 
48 48 21 4 4 6 2 5 1 3 1 1 
48 48 21 4 4 6 2 5 1 3 1 1 
48 48 15 1 1 4 16 3 3 2 3 
48 48 15 1 1 4 16 3 3 2 3 
48 48 48 48 48 48 1 5 8 2 20 2 6 1 3 
48 48 20 5 1 5 1 2 1 3 8 1 1 
48 48 1 5 8 2 20 2 6 1 3 
48 48 6 2 4 1 1 9 20 3 2 
48 48 6 2 4 1 1 9 20 3 2 
48 48 3 1 7 1 4 20 6 3 3 
48 48 3 1 7 1 4 20 6 3 3 
48 48 3 1 7 1 4 20 6 3 3 
48 48 18 13 3 2 4 1 1 2 3 1 
48 48 18 13 3 2 4 1 1 2 3 1 
48 48 15 15 1 1 7 4 2 1 1 1 
48 48 15 15 1 1 7 4 2 1 1 1 
