24 24 1 4 1 6 9 2 1 
24 24 1 4 1 6 9 2 1 
12 6 6 24 24 4 1 1 1 10 3 4 
24 24 11 3 2 1 1 1 1 3 1 
24 24 11 3 2 1 1 1 1 3 1 
24 24 7 1 1 3 9 2 1 
24 24 7 1 1 3 9 2 1 
24 24 10 3 6 3 2 
24 24 10 3 6 3 2 
24 24 7 5 1 2 7 1 1 
24 24 7 5 1 2 7 1 1 
12 6 6 24 24 1 1 3 1 2 1 12 1 2 
24 24 4 2 7 5 6 
12 6 6 24 24 1 1 3 1 2 1 12 1 2 
24 24 10 2 1 2 6 1 1 1 
24 24 10 2 1 2 6 1 1 1 
24 24 2 6 10 3 3 
24 24 2 6 10 3 3 
24 24 7 4 3 8 2 
24 24 7 4 3 8 2 
24 24 7 4 3 8 2 
24 24 11 3 2 2 5 1 
24 24 1 1 11 2 3 1 5 
24 24 7 8 1 2 5 1 
24 24 5 2 10 1 3 3 
24 24 5 2 10 1 3 3 
24 24 7 7 1 1 2 6 
24 24 7 7 1 1 2 6 
24 24 1 11 3 4 3 1 1 
24 24 1 11 3 4 3 1 1 
24 24 11 1 4 2 1 2 2 1 
24 24 11 1 4 2 1 2 2 1 
24 24 1 4 2 11 3 1 2 
24 24 1 4 2 11 3 1 2 
24 24 11 2 5 1 2 2 1 
24 24 7 8 3 1 4 1 
24 24 4 10 3 4 2 1 
24 24 1 1 10 1 6 1 2 1 1 
24 24 1 1 10 1 6 1 2 1 1 
24 24 8 1 1 6 5 1 2 
24 24 8 1 1 6 5 1 2 
24 24 8 1 1 6 5 1 2 
24 24 11 1 1 5 6 
24 24 11 1 1 5 6 
24 24 9 1 3 1 3 7 
24 24 24 24 9 1 3 1 3 7 
24 24 11 4 4 2 2 1 
24 24 11 4 4 2 2 1 
24 24 8 1 2 9 2 2 
24 24 8 1 2 9 2 2 
24 24 9 3 1 1 7 1 1 1 
24 24 9 3 1 1 7 1 1 1 
24 24 6 2 4 9 1 2 
24 24 6 2 4 9 1 2 
24 24 3 1 10 5 3 1 1 
24 24 9 1 3 5 1 2 1 1 1 
24 24 3 1 10 5 3 1 1 
24 24 10 2 2 6 1 3 
24 24 10 2 2 6 1 3 
24 24 10 2 2 6 1 3 
24 24 3 2 2 6 9 1 1 
24 24 3 2 2 6 9 1 1 
24 24 1 1 2 10 4 4 2 
24 24 1 1 2 10 4 4 2 
24 24 10 2 5 1 1 4 1 
24 24 10 2 5 1 1 4 1 
24 24 11 1 5 4 1 1 1 
24 24 10 4 1 2 1 5 1 
24 24 10 4 1 2 1 5 1 
12 6 6 24 24 1 4 1 1 10 1 1 3 2 
12 6 6 24 24 1 4 1 1 10 1 1 3 2 
24 24 2 5 3 11 2 1 
24 24 2 5 3 11 2 1 
24 24 3 8 5 1 5 1 1 
24 24 3 8 5 1 5 1 1 
24 24 4 2 1 3 10 2 2 
24 24 4 2 1 3 10 2 2 
24 24 24 24 7 9 1 1 1 3 2 
24 24 7 9 1 1 1 3 2 
24 24 7 9 1 1 1 3 2 
24 24 3 2 2 1 11 1 4 
24 24 3 2 2 1 11 1 4 
24 24 1 5 10 2 3 1 2 
24 24 1 5 10 2 3 1 2 
12 12 24 24 3 2 2 6 9 1 1 
12 12 24 24 3 2 2 6 9 1 1 
24 24 3 4 12 1 1 3 
24 24 24 24 3 4 12 1 1 3 
24 24 7 4 1 2 8 1 1 
24 24 7 4 1 2 8 1 1 
24 24 10 1 1 2 1 2 1 3 3 
24 24 10 1 1 2 1 2 1 3 3 
24 24 3 3 3 9 6 
24 24 3 3 3 9 6 
24 24 10 2 2 5 1 2 1 1 
24 24 10 2 2 5 1 2 1 1 
24 24 5 10 3 3 1 1 1 
