72 72 10 26 5 3 1 3 5 3 3 3 1 4 3 1 1 
72 72 10 26 5 3 1 3 5 3 3 3 1 4 3 1 1 
72 72 15 8 23 1 1 5 2 2 2 6 3 4 
72 72 15 8 23 1 1 5 2 2 2 6 3 4 
72 72 15 8 23 1 1 5 2 2 2 6 3 4 
72 72 25 8 1 9 2 8 5 2 7 3 1 1 
72 72 3 2 26 1 7 1 6 6 2 2 4 4 4 1 3 
72 72 5 9 26 4 6 9 3 4 2 2 2 
72 72 5 9 26 4 6 9 3 4 2 2 2 
72 72 17 1 2 7 20 2 2 4 8 6 3 
72 72 4 2 2 1 7 7 2 17 20 7 1 2 
72 72 2 26 6 1 5 10 4 6 2 5 3 1 1 
72 72 4 6 2 7 25 9 8 2 4 1 1 1 1 1 
72 72 2 26 6 1 5 10 4 6 2 5 3 1 1 
72 72 20 5 1 4 4 21 6 5 1 1 1 1 2 
72 72 20 5 1 4 4 21 6 5 1 1 1 1 2 
72 72 5 26 2 6 3 6 6 10 1 2 2 2 1 
72 72 5 26 2 6 3 6 6 10 1 2 2 2 1 
72 72 7 25 6 2 4 1 5 1 5 3 9 2 1 1 
72 72 7 25 6 2 4 1 5 1 5 3 9 2 1 1 
72 72 23 11 6 2 1 11 9 4 2 2 1 
72 72 23 11 6 2 1 11 9 4 2 2 1 
72 72 23 11 6 2 1 11 9 4 2 2 1 
72 72 1 5 23 3 8 12 2 4 5 4 4 1 
72 72 3 4 7 22 1 16 4 5 2 5 2 1 
72 72 16 3 1 6 15 8 17 2 2 1 1 
72 72 3 2 1 1 5 1 5 4 12 25 1 1 7 3 1 
72 72 14 2 17 12 1 3 3 14 2 1 1 1 1 
72 72 1 14 2 1 3 3 11 21 6 6 1 1 1 1 
72 72 1 14 2 1 3 3 11 21 6 6 1 1 1 1 
72 72 5 9 20 4 2 17 3 9 2 1 
72 72 5 9 20 4 2 17 3 9 2 1 
72 72 13 1 2 1 3 3 23 9 5 5 1 5 1 
72 72 13 1 2 1 3 3 23 9 5 5 1 5 1 
72 72 24 4 1 3 1 4 6 3 14 3 5 4 
72 72 4 25 7 1 3 9 6 2 4 8 2 1 
72 72 4 25 7 1 3 9 6 2 4 8 2 1 
72 72 6 1 2 18 20 2 10 2 1 3 6 1 
72 72 6 1 2 18 20 2 10 2 1 3 6 1 
72 72 1 6 1 4 24 8 2 11 6 5 2 2 
72 72 1 6 1 4 24 8 2 11 6 5 2 2 
72 72 20 1 14 4 2 2 12 4 10 1 1 1 
72 72 20 1 14 4 2 2 12 4 10 1 1 1 
72 72 20 1 14 4 2 2 12 4 10 1 1 1 
72 72 15 8 5 1 3 23 2 6 2 2 2 2 1 
72 72 24 4 1 3 1 4 6 3 14 3 5 4 
72 72 15 8 5 1 3 23 2 6 2 2 2 2 1 
72 72 3 5 4 18 2 2 7 3 2 2 20 1 2 1 
72 72 7 25 8 4 2 2 4 3 4 2 8 2 1 
72 72 9 1 23 4 1 7 9 6 3 9 
72 72 9 1 23 4 1 7 9 6 3 9 
72 72 2 13 3 3 23 1 5 8 6 2 4 2 
72 72 2 13 3 3 23 1 5 8 6 2 4 2 
72 72 1 3 17 20 7 6 9 3 5 1 
72 72 1 3 17 20 7 6 9 3 5 1 
72 72 21 18 6 8 1 3 2 3 2 2 2 1 3 
72 72 20 3 2 1 3 13 8 14 1 2 1 2 2 
72 72 21 18 6 8 1 3 2 3 2 2 2 1 3 
72 72 1 5 17 20 3 1 13 3 3 4 1 1 
72 72 25 8 1 4 4 12 3 4 2 4 1 1 1 2 
72 72 25 5 9 3 1 1 4 10 4 2 1 2 4 1 
72 72 25 5 9 3 1 1 4 10 4 2 1 2 4 1 
72 72 23 2 6 1 2 11 8 1 12 1 3 2 
72 72 23 2 6 1 2 11 8 1 12 1 3 2 
72 72 23 2 6 1 2 11 8 1 12 1 3 2 
72 72 1 1 2 2 15 2 9 23 6 5 3 1 2 
72 72 1 1 2 2 15 2 9 23 6 5 3 1 2 
72 72 9 21 2 3 1 4 5 3 17 2 2 1 1 1 
72 72 5 7 3 5 25 2 1 7 5 6 4 2 
72 72 12 2 24 1 5 9 8 1 2 5 2 1 
72 72 3 22 3 3 4 16 1 5 2 1 6 2 2 2 
72 72 3 22 3 3 4 16 1 5 2 1 6 2 2 2 
72 72 6 4 5 1 25 6 6 12 4 1 1 1 
72 72 6 4 5 1 25 6 6 12 4 1 1 1 
72 72 4 24 9 2 3 9 2 4 4 5 3 1 2 
72 72 4 24 9 2 3 9 2 4 4 5 3 1 2 
72 72 11 24 7 2 8 4 4 2 2 1 7 
72 72 11 24 7 2 8 4 4 2 2 1 7 
72 72 1 4 2 24 12 4 4 12 5 2 1 1 
72 72 1 8 2 6 2 1 2 6 20 3 19 2 
72 72 1 8 2 6 2 1 2 6 20 3 19 2 
72 72 22 9 2 1 2 2 4 7 3 4 16 
72 72 22 9 2 1 2 2 4 7 3 4 16 
72 72 22 9 2 1 2 2 4 7 3 4 16 
72 72 3 4 1 18 15 2 1 6 14 2 4 1 1 
72 72 3 4 1 18 15 2 1 6 14 2 4 1 1 
72 72 9 24 2 3 7 1 6 11 4 4 1 
72 72 9 24 2 3 7 1 6 11 4 4 1 
72 72 4 13 6 6 1 23 1 2 1 2 6 7 
72 72 1 4 2 24 12 4 4 12 5 2 1 1 
72 72 4 13 6 6 1 23 1 2 1 2 6 7 
72 72 25 2 10 1 5 7 2 9 1 7 2 1 
72 72 25 2 10 1 5 7 2 9 1 7 2 1 
72 72 8 21 2 3 12 3 11 1 1 5 2 3 
72 72 8 21 2 3 12 3 11 1 1 5 2 3 
72 72 1 26 1 1 3 6 3 1 4 8 1 2 6 1 3 1 4 
72 72 1 26 1 1 3 6 3 1 4 8 1 2 6 1 3 1 4 
72 72 8 7 5 24 5 3 3 9 2 1 5 
72 72 8 7 5 24 5 3 3 9 2 1 5 
72 72 7 1 8 2 25 3 2 7 7 1 6 1 1 1 
