48 48 1 5 3 2 19 9 5 3 1 
48 48 4 21 2 2 4 2 1 1 8 1 2 
48 48 9 4 19 3 1 1 10 1 
48 48 3 19 4 2 6 2 10 2 
48 48 3 19 4 2 6 2 10 2 
48 48 5 2 21 2 2 1 2 4 8 1 
48 48 5 2 21 2 2 1 2 4 8 1 
48 48 4 18 12 9 2 1 1 1 
48 48 4 18 12 9 2 1 1 1 
48 48 7 2 19 5 1 1 1 10 1 1 
48 48 7 2 19 5 1 1 1 10 1 1 
48 48 7 2 19 5 1 1 1 10 1 1 
48 48 11 2 19 2 6 2 1 1 2 1 1 
48 48 22 1 4 2 3 7 4 3 2 
48 48 10 8 7 1 3 18 1 
48 48 4 20 10 3 1 8 1 1 
48 48 4 20 10 3 1 8 1 1 
48 48 7 6 3 3 21 4 1 1 1 1 
48 48 7 6 3 3 21 4 1 1 1 1 
48 48 22 3 3 3 3 5 3 2 2 1 1 
48 48 9 5 1 20 4 2 2 5 
48 48 5 5 20 1 8 1 3 2 3 
48 48 3 9 21 6 3 2 1 2 1 
48 48 1 9 4 2 1 19 4 1 7 
48 48 21 2 2 2 7 6 3 3 2 
48 48 21 2 2 2 7 6 3 3 2 
48 48 19 3 3 2 2 3 1 4 11 
48 48 19 3 3 2 2 3 1 4 11 
48 48 5 6 4 1 21 6 3 1 1 
48 48 5 6 4 1 21 6 3 1 1 
48 48 21 3 7 8 2 2 3 2 
48 48 21 3 7 8 2 2 3 2 
48 48 21 3 7 8 2 2 3 2 
48 48 3 21 8 1 4 5 2 3 1 
48 48 1 9 4 2 1 19 4 1 7 
48 48 3 21 8 1 4 5 2 3 1 
48 48 22 3 3 2 2 2 1 5 3 1 4 
48 48 22 3 3 2 2 2 1 5 3 1 4 
48 48 12 2 18 8 4 1 1 1 1 
48 48 12 2 18 8 4 1 1 1 1 
48 48 3 16 5 1 16 3 1 1 1 1 
48 48 3 16 5 1 16 3 1 1 1 1 
48 48 20 8 4 5 5 5 1 
48 48 20 8 4 5 5 5 1 
48 48 13 2 1 6 1 19 3 1 2 
48 48 1 20 1 6 4 9 4 1 1 1 
48 48 13 2 1 6 1 19 3 1 2 
48 48 12 1 3 2 19 1 4 1 3 2 
48 48 12 1 3 2 19 1 4 1 3 2 
48 48 7 4 3 2 22 1 4 1 4 
48 48 7 4 3 2 22 1 4 1 4 
48 48 1 15 4 1 2 1 16 2 3 3 
48 48 1 15 4 1 2 1 16 2 3 3 
48 48 1 15 4 1 2 1 16 2 3 3 
48 48 10 1 3 1 1 22 4 3 1 1 1 
48 48 10 1 3 1 1 22 4 3 1 1 1 
48 48 1 20 1 6 4 9 4 1 1 1 
48 48 20 1 5 2 9 2 4 1 4 
48 48 20 1 5 2 9 2 4 1 4 
48 48 9 1 2 5 17 12 1 1 
48 48 9 1 2 5 17 12 1 1 
48 48 4 2 2 4 1 5 1 22 4 3 
48 48 4 2 2 4 1 5 1 22 4 3 
48 48 2 1 3 5 1 21 1 4 1 8 1 
48 48 2 1 3 5 1 21 1 4 1 8 1 
48 48 5 20 1 5 6 1 3 7 
48 48 5 20 1 5 6 1 3 7 
48 48 5 4 21 6 4 3 1 1 1 1 1 
48 48 8 20 1 3 1 5 5 3 2 
48 48 3 12 7 18 4 1 2 1 
48 48 1 2 20 4 2 10 5 3 1 
48 48 1 2 20 4 2 10 5 3 1 
48 48 1 2 20 4 2 10 5 3 1 
48 48 21 5 9 4 2 1 6 
48 48 21 5 9 4 2 1 6 
48 48 5 2 5 3 20 9 2 2 
48 48 5 2 5 3 20 9 2 2 
48 48 21 3 4 2 5 1 6 5 1 
48 48 5 4 21 6 4 3 1 1 1 1 1 
48 48 21 3 4 2 5 1 6 5 1 
48 48 4 1 14 1 3 4 18 3 
48 48 4 1 14 1 3 4 18 3 
48 48 21 2 2 1 6 6 1 1 1 7 
48 48 21 2 2 1 6 6 1 1 1 7 
48 48 3 5 3 2 1 20 4 1 9 
48 48 3 5 3 2 1 20 4 1 9 
48 48 20 3 3 1 9 1 8 3 
48 48 20 3 3 1 9 1 8 3 
48 48 22 2 3 2 4 3 4 2 4 2 
48 48 9 4 19 3 1 1 10 1 
48 48 22 2 3 2 4 3 4 2 4 2 
48 48 1 6 17 3 2 14 1 1 3 
48 48 1 6 17 3 2 14 1 1 3 
48 48 1 6 17 3 2 14 1 1 3 
48 48 10 1 20 1 4 1 1 1 4 4 1 
48 48 10 1 20 1 4 1 1 1 4 4 1 
48 48 6 1 7 21 4 1 6 1 1 
48 48 6 1 7 21 4 1 6 1 1 
48 48 48 48 