48 48 21 1 1 1 1 4 5 10 2 2 
48 48 20 1 2 2 2 8 9 1 1 2 
48 48 11 19 1 4 1 2 4 5 1 
48 48 14 2 1 1 15 1 13 1 
48 48 14 2 1 1 15 1 13 1 
48 48 8 16 1 2 14 3 4 
48 48 8 16 1 2 14 3 4 
48 48 4 3 23 4 4 5 4 1 
48 48 4 3 4 23 4 3 1 5 1 
48 48 4 3 4 23 4 3 1 5 1 
48 48 7 4 21 4 1 1 4 1 2 2 1 
48 48 7 4 21 4 1 1 4 1 2 2 1 
48 48 10 20 1 1 11 2 2 1 
48 48 6 2 8 4 21 3 3 1 
48 48 6 2 8 4 21 3 3 1 
48 48 20 4 1 2 11 10 
48 48 11 10 18 2 1 3 1 2 
48 48 10 9 19 1 3 1 2 2 1 
48 48 22 1 1 3 6 3 2 3 6 1 
48 48 7 2 3 1 20 10 3 2 
48 48 7 2 3 1 20 10 3 2 
48 48 19 1 1 13 1 5 2 3 1 2 
48 48 19 1 1 13 1 5 2 3 1 2 
48 48 9 1 3 2 6 2 1 21 1 1 1 
48 48 21 7 7 2 1 3 4 1 2 
48 48 21 7 7 2 1 3 4 1 2 
48 48 22 1 3 4 2 2 2 7 2 1 2 
48 48 22 1 3 4 2 2 2 7 2 1 2 
48 48 20 6 4 8 4 6 
48 48 20 6 4 8 4 6 
48 48 20 6 4 8 4 6 
48 48 1 3 13 6 3 19 3 
48 48 1 3 13 6 3 19 3 
48 48 4 3 4 1 23 7 1 1 1 3 
48 48 3 1 4 5 22 1 2 1 6 2 1 
48 48 4 3 4 1 23 7 1 1 1 3 
48 48 18 12 4 3 10 1 
48 48 18 12 4 3 10 1 
48 48 20 5 9 6 4 2 2 
48 48 20 5 9 6 4 2 2 
48 48 22 1 6 4 5 1 6 3 
48 48 22 1 6 4 5 1 6 3 
48 48 22 2 3 1 7 1 6 2 1 3 
48 48 22 2 3 1 7 1 6 2 1 3 
48 48 8 1 2 2 2 22 2 4 5 
48 48 20 4 2 2 2 12 1 3 1 1 
48 48 20 3 1 1 1 3 3 8 7 1 
48 48 19 3 9 2 12 1 2 
48 48 19 3 9 2 12 1 2 
48 48 19 3 9 2 12 1 2 
48 48 16 17 2 1 2 4 4 2 
48 48 16 17 2 1 2 4 4 2 
48 48 7 1 1 2 6 21 4 4 2 
48 48 7 1 1 2 6 21 4 4 2 
48 48 1 6 2 1 1 1 21 6 2 7 
48 48 1 6 2 1 1 1 21 6 2 7 
48 48 20 4 2 2 2 12 1 3 1 1 
48 48 6 2 1 4 4 22 3 1 4 1 
48 48 6 2 1 4 4 22 3 1 4 1 
48 48 5 1 6 21 7 5 1 2 
48 48 5 1 6 21 7 5 1 2 
48 48 23 1 1 6 4 1 2 1 4 5 
48 48 23 1 1 6 4 1 2 1 4 5 
48 48 4 5 4 22 2 4 1 5 1 
48 48 4 5 4 22 2 4 1 5 1 
48 48 9 1 4 1 21 1 5 1 1 3 1 
48 48 9 1 4 1 21 1 5 1 1 3 1 
48 48 1 22 4 2 4 2 7 4 1 1 
48 48 17 1 1 15 4 5 2 1 1 1 
48 48 17 1 1 15 4 5 2 1 1 1 
48 48 17 1 1 15 4 5 2 1 1 1 
48 48 15 18 5 2 5 1 1 1 
48 48 15 18 5 2 5 1 1 1 
48 48 9 3 5 22 2 3 2 1 1 
48 48 9 3 5 22 2 3 2 1 1 
48 48 19 4 11 6 3 2 3 
48 48 19 4 11 6 3 2 3 
48 48 3 6 5 20 10 2 1 1 
48 48 1 22 4 2 4 2 7 4 1 1 
48 48 3 6 5 20 10 2 1 1 
48 48 3 1 3 1 7 1 5 4 22 1 
48 48 3 1 3 1 7 1 5 4 22 1 
48 48 22 6 2 2 2 2 8 2 2 
48 48 22 6 2 2 2 2 8 2 2 
48 48 8 1 5 1 1 21 5 2 1 1 2 
48 48 8 1 5 1 1 21 5 2 1 1 2 
48 48 21 2 1 1 3 10 2 7 1 
48 48 21 2 1 1 3 10 2 7 1 
48 48 21 5 2 5 1 1 7 6 
48 48 18 17 1 5 2 2 3 
48 48 21 5 2 5 1 1 7 6 
48 48 21 5 2 5 1 1 7 6 
48 48 4 21 2 4 7 1 6 3 
48 48 4 21 2 4 7 1 6 3 
48 48 17 4 1 13 2 7 1 3 
48 48 17 4 1 13 2 7 1 3 
48 48 6 21 8 3 2 1 7 
48 48 6 21 8 3 2 1 7 
48 48 3 2 4 2 3 2 7 22 1 2 
48 48 3 2 4 2 3 2 7 22 1 2 
