4 12 48 0.780000 0.060000 48 1 15.750000 51.750000 -0.250000 10 6121 1034 595 10 7750
4 12 48 0.780000 0.060000 48 1 13.250000 51.250000 -0.250000 10 2480 670 116 10 3266
4 12 48 0.780000 0.060000 48 1 13.250000 48.500000 -0.250000 9 2467 912 154 9 3533
4 12 48 0.780000 0.060000 48 1 14.250000 51.750000 -0.250000 8 1541 465 116 8 2122
4 12 48 0.780000 0.060000 48 1 14.250000 51.750000 -0.250000 8 1541 465 116 8 2122
4 12 48 0.780000 0.060000 48 1 9.750000 52.250000 -0.250000 7 1436 330 29 7 1795
4 12 48 0.780000 0.060000 48 1 9.750000 52.250000 -0.250000 7 1436 330 29 7 1795
4 12 48 0.780000 0.060000 48 1 15.500000 52.500000 -0.250000 8 23976 1727 523 8 26226
4 12 48 0.780000 0.060000 48 1 14.750000 52.500000 -0.250000 9 29785 1004 1308 9 32097
4 12 48 0.780000 0.060000 48 1 14.750000 52.500000 -0.250000 9 29785 1004 1308 9 32097
4 12 48 0.780000 0.060000 48 1 12.500000 49.250000 -0.250000 11 3081 560 213 11 3854
4 12 48 0.780000 0.060000 48 1 12.500000 49.250000 -0.250000 11 3081 560 213 11 3854
4 12 48 0.780000 0.060000 48 1 10.500000 51.750000 -0.250000 8 4973 895 363 8 6231
4 12 48 0.780000 0.060000 48 1 12.750000 53.500000 -0.250000 8 6791 1599 154 8 8544
4 12 48 0.780000 0.060000 48 1 12.750000 53.500000 -0.250000 8 6791 1599 154 8 8544
4 12 48 0.780000 0.060000 48 1 19.000000 53.750000 -0.250000 6 4554 1164 64 6 5782
4 12 48 0.780000 0.060000 48 1 11.250000 52.000000 -0.250000 8 9057 1177 380 8 10614
4 12 48 0.780000 0.060000 48 1 13.000000 50.750000 -0.250000 9 6620 696 472 9 7788
4 12 48 0.780000 0.060000 48 1 14.500000 51.000000 -0.250000 10 4208 694 253 10 5155
4 12 48 0.780000 0.060000 48 1 11.750000 50.500000 -0.250000 8 2071 557 30 8 2658
4 12 48 0.780000 0.060000 48 1 11.750000 50.500000 -0.250000 8 2071 557 30 8 2658
4 12 48 0.780000 0.060000 48 1 13.000000 51.750000 -0.250000 10 4025 1379 410 10 5814
4 12 48 0.780000 0.060000 48 1 13.000000 51.750000 -0.250000 10 4025 1379 410 10 5814
4 12 48 0.780000 0.060000 48 1 12.750000 50.500000 -0.250000 11 4204 1226 533 11 5963
4 12 48 0.780000 0.060000 48 1 15.750000 50.000000 -0.250000 9 3249 830 132 9 4211
4 12 48 0.780000 0.060000 48 1 15.750000 50.000000 -0.250000 9 3249 830 132 9 4211
4 12 48 0.780000 0.060000 48 1 10.750000 50.750000 -0.250000 11 727 449 20 11 1196
4 12 48 0.780000 0.060000 48 1 10.750000 50.750000 -0.250000 11 727 449 20 11 1196
4 12 48 0.780000 0.060000 48 1 10.750000 52.750000 -0.250000 6 20745 1420 0 6 22165
4 12 48 0.780000 0.060000 48 1 10.750000 52.750000 -0.250000 6 20745 1420 0 6 22165
4 12 48 0.780000 0.060000 48 1 10.750000 52.750000 -0.250000 6 20745 1420 0 6 22165
4 12 48 0.780000 0.060000 48 1 13.000000 54.000000 -0.250000 7 9976 1359 196 7 11531
4 12 48 0.780000 0.060000 48 1 13.000000 54.000000 -0.250000 7 9976 1359 196 7 11531
4 12 48 0.780000 0.060000 48 1 17.000000 51.750000 -0.250000 10 17888 1723 1750 10 21361
4 12 48 0.780000 0.060000 48 1 14.750000 48.000000 -0.250000 11 14303 1608 1326 11 17237
4 12 48 0.780000 0.060000 48 1 17.000000 51.750000 -0.250000 10 17888 1723 1750 10 21361
4 12 48 0.780000 0.060000 48 1 15.000000 52.000000 -0.250000 6 8163 779 149 6 9091
4 12 48 0.780000 0.060000 48 1 15.000000 52.000000 -0.250000 6 8163 779 149 6 9091
4 12 48 0.780000 0.060000 48 1 13.750000 50.500000 -0.250000 7 2936 585 4 7 3525
4 12 48 0.780000 0.060000 48 1 13.750000 50.500000 -0.250000 7 2936 585 4 7 3525
4 12 48 0.780000 0.060000 48 1 16.000000 51.750000 -0.250000 8 6036 1615 280 8 7931
4 12 48 0.780000 0.060000 48 1 16.000000 51.750000 -0.250000 8 6036 1615 280 8 7931
4 12 48 0.780000 0.060000 48 1 15.000000 53.000000 -0.250000 10 5143 1252 331 10 6726
4 12 48 0.780000 0.060000 48 1 15.000000 53.000000 -0.250000 10 5143 1252 331 10 6726
4 12 48 0.780000 0.060000 48 1 15.500000 52.250000 -0.250000 9 16894 2267 388 9 19549
4 12 48 0.780000 0.060000 48 1 14.500000 52.000000 -0.250000 10 4638 922 342 10 5902
4 12 48 0.780000 0.060000 48 1 11.750000 49.750000 -0.250000 10 916 327 63 10 1306
4 12 48 0.780000 0.060000 48 1 12.750000 53.000000 -0.250000 7 1109 634 12 7 1755
4 12 48 0.780000 0.060000 48 1 12.750000 53.000000 -0.250000 7 1109 634 12 7 1755
4 12 48 0.780000 0.060000 48 1 12.750000 53.000000 -0.250000 7 1109 634 12 7 1755
4 12 48 0.780000 0.060000 48 1 14.500000 52.250000 -0.250000 8 5041 758 106 8 5905
4 12 48 0.780000 0.060000 48 1 14.500000 52.250000 -0.250000 8 5041 758 106 8 5905
4 12 48 0.780000 0.060000 48 1 14.000000 48.750000 -0.250000 9 6980 1413 326 9 8719
4 12 48 0.780000 0.060000 48 1 14.000000 48.750000 -0.250000 9 6980 1413 326 9 8719
4 12 48 0.780000 0.060000 48 1 13.500000 52.250000 -0.250000 10 1640 703 113 10 2456
4 12 48 0.780000 0.060000 48 1 13.500000 52.250000 -0.250000 10 1640 703 113 10 2456
4 12 48 0.780000 0.060000 48 1 14.500000 52.000000 -0.250000 10 4638 922 342 10 5902
4 12 48 0.780000 0.060000 48 1 16.500000 50.500000 -0.250000 10 3447 1168 305 10 4920
4 12 48 0.780000 0.060000 48 1 16.500000 50.500000 -0.250000 10 3447 1168 305 10 4920
4 12 48 0.780000 0.060000 48 1 14.750000 49.750000 -0.250000 8 4594 1587 223 8 6404
4 12 48 0.780000 0.060000 48 1 14.750000 49.750000 -0.250000 8 4594 1587 223 8 6404
4 12 48 0.780000 0.060000 48 1 14.000000 52.500000 -0.250000 10 4277 763 363 10 5403
4 12 48 0.780000 0.060000 48 1 14.000000 52.500000 -0.250000 10 4277 763 363 10 5403
4 12 48 0.780000 0.060000 48 1 12.000000 52.750000 -0.250000 9 11025 1453 523 9 13001
4 12 48 0.780000 0.060000 48 1 12.000000 52.750000 -0.250000 9 11025 1453 523 9 13001
4 12 48 0.780000 0.060000 48 1 13.000000 53.000000 -0.250000 11 2025 837 243 11 3105
4 12 48 0.780000 0.060000 48 1 13.000000 53.000000 -0.250000 11 2025 837 243 11 3105
4 12 48 0.780000 0.060000 48 1 13.000000 53.000000 -0.250000 10 5868 1159 330 10 7357
4 12 48 0.780000 0.060000 48 1 15.250000 48.000000 -0.250000 10 4117 878 413 10 5408
4 12 48 0.780000 0.060000 48 1 15.250000 48.000000 -0.250000 10 4117 878 413 10 5408
4 12 48 0.780000 0.060000 48 1 15.250000 48.000000 -0.250000 10 4117 878 413 10 5408
4 12 48 0.780000 0.060000 48 1 13.750000 53.000000 -0.250000 8 294207 23510 13836 8 331553
4 12 48 0.780000 0.060000 48 1 13.750000 53.000000 -0.250000 8 294207 23510 13836 8 331553
4 12 48 0.780000 0.060000 48 1 18.000000 53.000000 -0.250000 9 6438 1053 294 9 7785
4 12 48 0.780000 0.060000 48 1 18.000000 53.000000 -0.250000 9 6438 1053 294 9 7785
4 12 48 0.780000 0.060000 48 1 11.500000 52.000000 -0.250000 7 4558 951 2 7 5511
4 12 48 0.780000 0.060000 48 1 11.500000 52.000000 -0.250000 7 4558 951 2 7 5511
4 12 48 0.780000 0.060000 48 1 12.750000 52.750000 -0.250000 8 1130 505 27 8 1662
4 12 48 0.780000 0.060000 48 1 13.000000 53.000000 -0.250000 10 5868 1159 330 10 7357
4 12 48 0.780000 0.060000 48 1 12.750000 52.750000 -0.250000 8 1130 505 27 8 1662
4 12 48 0.780000 0.060000 48 1 13.500000 52.000000 -0.250000 10 5931 868 545 10 7344
4 12 48 0.780000 0.060000 48 1 13.500000 52.000000 -0.250000 10 5931 868 545 10 7344
4 12 48 0.780000 0.060000 48 1 15.750000 53.500000 -0.250000 9 3510 764 0 9 4274
4 12 48 0.780000 0.060000 48 1 15.750000 53.500000 -0.250000 9 3510 764 0 9 4274
4 12 48 0.780000 0.060000 48 1 13.250000 51.750000 -0.250000 11 5512 1784 695 11 7991
4 12 48 0.780000 0.060000 48 1 13.250000 51.750000 -0.250000 11 5512 1784 695 11 7991
4 12 48 0.780000 0.060000 48 1 11.250000 55.000000 -0.250000 9 1861 428 132 9 2421
4 12 48 0.780000 0.060000 48 1 11.250000 55.000000 -0.250000 9 1861 428 132 9 2421
4 12 48 0.780000 0.060000 48 1 14.000000 50.750000 -0.250000 8 13781 1758 635 8 16174
4 12 48 0.780000 0.060000 48 1 15.750000 52.500000 -0.250000 7 4177 954 50 7 5181
4 12 48 0.780000 0.060000 48 1 14.000000 50.750000 -0.250000 8 13781 1758 635 8 16174
4 12 48 0.780000 0.060000 48 1 14.000000 50.750000 -0.250000 8 13781 1758 635 8 16174
4 12 48 0.780000 0.060000 48 1 12.250000 52.500000 -0.250000 8 3323 887 3 8 4213
4 12 48 0.780000 0.060000 48 1 12.250000 52.500000 -0.250000 8 3323 887 3 8 4213
4 12 48 0.780000 0.060000 48 1 10.250000 51.000000 -0.250000 8 2157 513 84 8 2754
4 12 48 0.780000 0.060000 48 1 10.250000 51.000000 -0.250000 8 2157 513 84 8 2754
4 12 48 0.780000 0.060000 48 1 15.000000 53.000000 -0.250000 7 27127 2023 595 7 29745
4 12 48 0.780000 0.060000 48 1 15.000000 53.000000 -0.250000 7 27127 2023 595 7 29745
4 12 48 0.780000 0.060000 48 1 14.250000 51.250000 -0.250000 10 1497 538 35 10 2070
4 12 48 0.780000 0.060000 48 1 14.250000 51.250000 -0.250000 10 1497 538 35 10 2070
