4 6 24 0.800000 0.040000 24 1 1.750000 12.750000 -0.250000 7 403 95 30 7 528
4 6 24 0.800000 0.040000 24 1 1.750000 12.750000 -0.250000 7 403 95 30 7 528
4 6 24 0.800000 0.040000 24 1 2.250000 11.250000 -0.250000 7 3798 387 337 7 4522
4 6 24 0.800000 0.040000 24 1 2.000000 12.000000 -0.250000 9 4100 285 1065 9 5450
4 6 24 0.800000 0.040000 24 1 2.000000 12.000000 -0.250000 9 4100 285 1065 9 5450
4 6 24 0.800000 0.040000 24 1 3.500000 11.500000 -0.250000 7 624 120 67 7 811
4 6 24 0.800000 0.040000 24 1 3.500000 11.500000 -0.250000 7 624 120 67 7 811
4 6 24 0.800000 0.040000 24 1 3.750000 12.250000 -0.250000 5 387 204 0 5 591
4 6 24 0.800000 0.040000 24 1 3.750000 12.250000 -0.250000 5 387 204 0 5 591
4 6 24 0.800000 0.040000 24 1 2.500000 10.750000 -0.250000 7 274 75 19 7 368
4 6 24 0.800000 0.040000 24 1 2.500000 10.750000 -0.250000 7 274 75 19 7 368
4 6 24 0.800000 0.040000 24 1 3.500000 12.000000 -0.250000 9 2565 377 574 9 3516
4 6 24 0.800000 0.040000 24 1 2.000000 10.750000 -0.250000 5 319 95 0 5 414
4 6 24 0.800000 0.040000 24 1 3.500000 12.000000 -0.250000 9 2565 377 574 9 3516
4 6 24 0.800000 0.040000 24 1 2.250000 12.500000 -0.250000 8 466 129 63 8 658
4 6 24 0.800000 0.040000 24 1 2.250000 12.500000 -0.250000 8 466 129 63 8 658
4 6 24 0.800000 0.040000 24 1 2.000000 11.500000 -0.250000 5 1096 184 0 5 1280
4 6 24 0.800000 0.040000 24 1 2.000000 11.500000 -0.250000 5 1096 184 0 5 1280
4 6 24 0.800000 0.040000 24 1 2.000000 12.000000 -0.250000 5 338 127 0 5 465
4 6 24 0.800000 0.040000 24 1 2.000000 12.000000 -0.250000 5 338 127 0 5 465
4 6 24 0.800000 0.040000 24 1 2.000000 12.000000 -0.250000 5 338 127 0 5 465
4 6 24 0.800000 0.040000 24 1 1.500000 12.000000 -0.250000 6 1294 238 63 6 1595
4 6 24 0.800000 0.040000 24 1 2.500000 13.250000 -0.250000 7 637 150 32 7 819
4 6 24 0.800000 0.040000 24 1 1.750000 12.750000 -0.250000 6 851 163 53 6 1067
4 6 24 0.800000 0.040000 24 1 2.250000 11.500000 -0.250000 6 363 123 11 6 497
4 6 24 0.800000 0.040000 24 1 2.250000 11.500000 -0.250000 6 363 123 11 6 497
4 6 24 0.800000 0.040000 24 1 1.250000 12.500000 -0.250000 6 232 92 18 6 342
4 6 24 0.800000 0.040000 24 1 1.250000 12.500000 -0.250000 6 232 92 18 6 342
4 6 24 0.800000 0.040000 24 1 2.000000 13.000000 -0.250000 7 1703 217 182 7 2102
4 6 24 0.800000 0.040000 24 1 2.000000 13.000000 -0.250000 7 1703 217 182 7 2102
4 6 24 0.800000 0.040000 24 1 2.750000 12.750000 -0.250000 8 37281 5180 3779 8 46240
4 6 24 0.800000 0.040000 24 1 2.750000 12.750000 -0.250000 8 37281 5180 3779 8 46240
4 6 24 0.800000 0.040000 24 1 2.750000 12.000000 -0.250000 7 1076 169 89 7 1334
4 6 24 0.800000 0.040000 24 1 2.750000 12.000000 -0.250000 7 1076 169 89 7 1334
4 6 24 0.800000 0.040000 24 1 3.750000 11.750000 -0.250000 7 2763 402 267 7 3432
4 6 24 0.800000 0.040000 24 1 2.000000 12.000000 -0.250000 6 823 127 43 6 993
4 6 24 0.800000 0.040000 24 1 2.500000 12.250000 -0.250000 6 1696 204 66 6 1966
4 6 24 0.800000 0.040000 24 1 3.000000 11.250000 -0.250000 9 1788 362 510 8 2660
4 6 24 0.800000 0.040000 24 1 3.000000 11.250000 -0.250000 9 1788 362 510 8 2660
4 6 24 0.800000 0.040000 24 1 1.250000 11.000000 -0.250000 7 177 74 11 7 262
4 6 24 0.800000 0.040000 24 1 1.250000 11.000000 -0.250000 7 177 74 11 7 262
4 6 24 0.800000 0.040000 24 1 1.250000 11.000000 -0.250000 7 177 74 11 7 262
4 6 24 0.800000 0.040000 24 1 1.750000 12.750000 -0.250000 5 6032 528 548 5 7108
4 6 24 0.800000 0.040000 24 1 1.750000 12.750000 -0.250000 5 6032 528 548 5 7108
4 6 24 0.800000 0.040000 24 1 3.250000 12.000000 -0.250000 6 554 163 52 6 769
4 6 24 0.800000 0.040000 24 1 1.000000 12.750000 -0.250000 4 6 24 0.800000 0.040000 24 1 3.250000 12.000000 -0.250000 6 554 163 52 6 769
4 6 24 0.800000 0.040000 24 1 3.250000 12.250000 -0.250000 6 230 83 0 6 313
4 6 24 0.800000 0.040000 24 1 3.250000 12.250000 -0.250000 6 230 83 0 6 313
4 6 24 0.800000 0.040000 24 1 3.000000 13.000000 -0.250000 6 785 202 20 6 1007
4 6 24 0.800000 0.040000 24 1 3.000000 13.000000 -0.250000 6 785 202 20 6 1007
4 6 24 0.800000 0.040000 24 1 2.250000 11.500000 -0.250000 8 1708 267 307 8 2282
4 6 24 0.800000 0.040000 24 1 2.250000 11.500000 -0.250000 8 1708 267 307 8 2282
4 6 24 0.800000 0.040000 24 1 1.750000 12.750000 -0.250000 6 249 65 10 6 324
4 6 24 0.800000 0.040000 24 1 1.750000 12.750000 -0.250000 6 249 65 10 6 324
4 6 24 0.800000 0.040000 24 1 3.250000 12.000000 -0.250000 7 76054 11864 17378 7 105296
4 6 24 0.800000 0.040000 24 1 1.000000 11.250000 -0.250000 9 118 69 2 9 189
4 6 24 0.800000 0.040000 24 1 3.250000 12.000000 -0.250000 7 76054 11864 17378 7 105296
4 6 24 0.800000 0.040000 24 1 3.000000 12.500000 -0.250000 6 808 146 30 6 984
4 6 24 0.800000 0.040000 24 1 3.000000 12.500000 -0.250000 6 808 146 30 6 984
4 6 24 0.800000 0.040000 24 1 3.000000 12.500000 -0.250000 6 808 146 30 6 984
4 6 24 0.800000 0.040000 24 1 1.750000 12.000000 -0.250000 7 317 82 3 7 402
4 6 24 0.800000 0.040000 24 1 1.750000 12.000000 -0.250000 7 317 82 3 7 402
4 6 24 0.800000 0.040000 24 1 2.000000 11.250000 -0.250000 7 5819 431 500 7 6750
4 6 24 0.800000 0.040000 24 1 2.000000 11.250000 -0.250000 7 5819 431 500 7 6750
4 6 24 0.800000 0.040000 24 1 2.500000 12.500000 -0.250000 7 685 119 48 7 852
4 6 24 0.800000 0.040000 24 1 2.500000 12.500000 -0.250000 7 685 119 48 7 852
4 6 24 0.800000 0.040000 24 1 2.000000 13.750000 -0.250000 7 2743 197 356 7 3296
4 6 24 0.800000 0.040000 24 1 2.500000 12.750000 -0.250000 7 231 124 23 7 378
4 6 24 0.800000 0.040000 24 1 2.500000 12.750000 -0.250000 7 231 124 23 7 378
4 6 24 0.800000 0.040000 24 1 2.250000 10.500000 -0.250000 9 3044 530 642 9 4216
4 6 24 0.800000 0.040000 24 1 2.250000 10.500000 -0.250000 9 3044 530 642 9 4216
4 6 24 0.800000 0.040000 24 1 3.000000 13.250000 -0.250000 6 402 138 27 6 567
4 6 24 0.800000 0.040000 24 1 3.000000 13.250000 -0.250000 6 402 138 27 6 567
4 6 24 0.800000 0.040000 24 1 1.000000 10.750000 -0.250000 7 203 60 22 7 285
4 6 24 0.800000 0.040000 24 1 1.000000 10.750000 -0.250000 7 203 60 22 7 285
4 6 24 0.800000 0.040000 24 1 2.500000 11.500000 -0.250000 7 1703 151 75 7 1929
4 6 24 0.800000 0.040000 24 1 2.500000 11.500000 -0.250000 7 1703 151 75 7 1929
4 6 24 0.800000 0.040000 24 1 2.250000 12.500000 -0.250000 4 6 24 0.800000 0.040000 24 1 2.250000 12.250000 -0.250000 7 2243 271 233 7 2747
4 6 24 0.800000 0.040000 24 1 2.250000 12.250000 -0.250000 7 2243 271 233 7 2747
4 6 24 0.800000 0.040000 24 1 2.250000 12.250000 -0.250000 7 2243 271 233 7 2747
4 6 24 0.800000 0.040000 24 1 3.500000 11.000000 -0.250000 7 9497 884 407 7 10788
4 6 24 0.800000 0.040000 24 1 3.500000 11.000000 -0.250000 7 9497 884 407 7 10788
4 6 24 0.800000 0.040000 24 1 2.250000 12.750000 -0.250000 7 464 165 28 7 657
4 6 24 0.800000 0.040000 24 1 2.250000 12.750000 -0.250000 7 464 165 28 7 657
4 6 24 0.800000 0.040000 24 1 1.500000 12.000000 -0.250000 7 586 122 28 7 736
4 6 24 0.800000 0.040000 24 1 1.500000 12.000000 -0.250000 7 586 122 28 7 736
4 6 24 0.800000 0.040000 24 1 4.000000 13.250000 -0.250000 6 221 118 7 6 346
4 6 24 0.800000 0.040000 24 1 2.250000 12.500000 -0.250000 4 6 24 0.800000 0.040000 24 1 4.000000 13.250000 -0.250000 6 221 118 7 6 346
4 6 24 0.800000 0.040000 24 1 1.500000 11.500000 -0.250000 7 359 115 20 7 494
4 6 24 0.800000 0.040000 24 1 1.500000 11.500000 -0.250000 7 359 115 20 7 494
4 6 24 0.800000 0.040000 24 1 1.750000 11.500000 -0.250000 9 698 223 92 9 1013
4 6 24 0.800000 0.040000 24 1 1.750000 11.500000 -0.250000 9 698 223 92 9 1013
4 6 24 0.800000 0.040000 24 1 1.500000 13.250000 -0.250000 5 568 95 0 5 663
4 6 24 0.800000 0.040000 24 1 1.500000 13.250000 -0.250000 5 568 95 0 5 663
4 6 24 0.800000 0.040000 24 1 2.000000 12.500000 -0.250000 8 279 109 42 8 430
4 6 24 0.800000 0.040000 24 1 2.000000 12.500000 -0.250000 8 279 109 42 8 430
4 6 24 0.800000 0.040000 24 1 3.000000 11.750000 -0.250000 7 319 73 37 7 429
