6 12 72 0.800000 0.040000 72 1 12.666667 54.500000 -0.166667 15 12293 1686 800 15 14779
6 12 72 0.800000 0.040000 72 1 12.666667 54.500000 -0.166667 15 12293 1686 800 15 14779
6 12 72 0.800000 0.040000 72 1 15.000000 54.833332 -0.166667 12 12842 2049 418 12 15309
6 12 72 0.800000 0.040000 72 1 15.000000 54.833332 -0.166667 12 12842 2049 418 12 15309
6 12 72 0.800000 0.040000 72 1 15.000000 54.833332 -0.166667 12 12842 2049 418 12 15309
6 12 72 0.800000 0.040000 72 1 15.166667 54.666668 -0.166667 12 20563 1623 893 12 23079
6 12 72 0.800000 0.040000 72 1 12.166667 53.833332 -0.166667 15 22970 2642 1039 15 26651
6 12 72 0.800000 0.040000 72 1 17.333334 53.000000 -0.166667 11 8282 1475 0 11 9757
6 12 72 0.800000 0.040000 72 1 17.333334 53.000000 -0.166667 11 8282 1475 0 11 9757
6 12 72 0.800000 0.040000 72 1 14.333333 52.000000 -0.166667 11 2202 664 24 11 2890
6 12 72 0.800000 0.040000 72 1 14.833333 49.500000 -0.166667 12 2344 762 41 12 3147
6 12 72 0.800000 0.040000 72 1 15.166667 54.333332 -0.166667 13 3621 1019 151 13 4791
6 12 72 0.800000 0.040000 72 1 16.166666 50.500000 -0.166667 14 17043 1618 1307 14 19968
6 12 72 0.800000 0.040000 72 1 15.166667 54.333332 -0.166667 13 3621 1019 151 13 4791
6 12 72 0.800000 0.040000 72 1 16.833334 54.666668 -0.166667 13 3910 668 289 13 4867
6 12 72 0.800000 0.040000 72 1 16.833334 54.666668 -0.166667 13 3910 668 289 13 4867
6 12 72 0.800000 0.040000 72 1 16.166666 54.333332 -0.166667 13 21218 1544 617 13 23379
6 12 72 0.800000 0.040000 72 1 16.166666 54.333332 -0.166667 13 21218 1544 617 13 23379
6 12 72 0.800000 0.040000 72 1 13.166667 53.833332 -0.166667 14 6477 1594 443 14 8514
6 12 72 0.800000 0.040000 72 1 13.166667 53.833332 -0.166667 14 6477 1594 443 14 8514
6 12 72 0.800000 0.040000 72 1 16.333334 51.166668 -0.166667 11 47266 4042 1492 11 52800
6 12 72 0.800000 0.040000 72 1 16.333334 51.166668 -0.166667 11 47266 4042 1492 11 52800
6 12 72 0.800000 0.040000 72 1 16.333334 51.166668 -0.166667 11 47266 4042 1492 11 52800
6 12 72 0.800000 0.040000 72 1 12.833333 51.833332 -0.166667 12 8344 1166 256 12 9766
6 12 72 0.800000 0.040000 72 1 16.500000 50.000000 -0.166667 12 17323 2024 573 12 19920
6 12 72 0.800000 0.040000 72 1 12.666667 50.666668 -0.166667 11 2917 805 114 11 3836
6 12 72 0.800000 0.040000 72 1 14.500000 53.333332 -0.166667 15 24355 2782 2471 15 29608
6 12 72 0.800000 0.040000 72 1 12.000000 53.333332 -0.166667 13 1845 918 95 13 2858
6 12 72 0.800000 0.040000 72 1 13.000000 51.333332 -0.166667 14 3920 897 343 14 5160
6 12 72 0.800000 0.040000 72 1 13.000000 51.333332 -0.166667 14 3920 897 343 14 5160
6 12 72 0.800000 0.040000 72 1 15.333333 53.000000 -0.166667 10 3621 780 38 10 4439
6 12 72 0.800000 0.040000 72 1 15.333333 53.000000 -0.166667 10 3621 780 38 10 4439
6 12 72 0.800000 0.040000 72 1 14.500000 52.000000 -0.166667 13 6644 1004 385 13 8033
6 12 72 0.800000 0.040000 72 1 14.500000 52.000000 -0.166667 13 6644 1004 385 13 8033
6 12 72 0.800000 0.040000 72 1 14.166667 53.166668 -0.166667 12 8354 1287 245 12 9886
6 12 72 0.800000 0.040000 72 1 16.000000 52.833332 -0.166667 12 22992 2392 717 12 26101
6 12 72 0.800000 0.040000 72 1 16.000000 52.833332 -0.166667 12 22992 2392 717 12 26101
6 12 72 0.800000 0.040000 72 1 15.833333 49.666668 -0.166667 12 4596 759 193 12 5548
6 12 72 0.800000 0.040000 72 1 15.833333 49.666668 -0.166667 12 4596 759 193 12 5548
6 12 72 0.800000 0.040000 72 1 16.500000 50.666668 -0.166667 12 14199 1805 411 12 16415
6 12 72 0.800000 0.040000 72 1 16.500000 50.666668 -0.166667 12 14199 1805 411 12 16415
6 12 72 0.800000 0.040000 72 1 14.833333 52.000000 -0.166667 12 1426 686 62 12 2174
6 12 72 0.800000 0.040000 72 1 14.833333 52.000000 -0.166667 12 1426 686 62 12 2174
6 12 72 0.800000 0.040000 72 1 14.833333 52.000000 -0.166667 12 1426 686 62 12 2174
6 12 72 0.800000 0.040000 72 1 15.333333 53.833332 -0.166667 13 3197 1212 105 13 4514
6 12 72 0.800000 0.040000 72 1 14.166667 53.166668 -0.166667 12 8354 1287 245 12 9886
6 12 72 0.800000 0.040000 72 1 15.333333 53.833332 -0.166667 13 3197 1212 105 13 4514
6 12 72 0.800000 0.040000 72 1 13.500000 51.333332 -0.166667 14 9331 1092 295 14 10718
6 12 72 0.800000 0.040000 72 1 12.833333 53.666668 -0.166667 13 2296 711 48 13 3055
6 12 72 0.800000 0.040000 72 1 13.500000 52.833332 -0.166667 10 8741 1344 280 10 10365
6 12 72 0.800000 0.040000 72 1 13.500000 52.833332 -0.166667 10 8741 1344 280 10 10365
6 12 72 0.800000 0.040000 72 1 12.500000 53.166668 -0.166667 12 3506 849 54 12 4409
6 12 72 0.800000 0.040000 72 1 12.500000 53.166668 -0.166667 12 3506 849 54 12 4409
6 12 72 0.800000 0.040000 72 1 15.500000 52.000000 -0.166667 10 6308 1022 197 10 7527
6 12 72 0.800000 0.040000 72 1 15.500000 52.000000 -0.166667 10 6308 1022 197 10 7527
6 12 72 0.800000 0.040000 72 1 17.333334 48.833332 -0.166667 13 16052 1580 439 13 18071
6 12 72 0.800000 0.040000 72 1 13.166667 52.166668 -0.166667 13 6573 1292 221 13 8086
6 12 72 0.800000 0.040000 72 1 17.333334 48.833332 -0.166667 13 16052 1580 439 13 18071
6 12 72 0.800000 0.040000 72 1 15.333333 54.833332 -0.166667 12 12171 1428 696 12 14295
6 12 72 0.800000 0.040000 72 1 14.166667 54.833332 -0.166667 14 13290 1691 788 14 15769
6 12 72 0.800000 0.040000 72 1 14.833333 54.000000 -0.166667 14 11177 1328 628 14 13133
6 12 72 0.800000 0.040000 72 1 14.833333 54.000000 -0.166667 14 11177 1328 628 14 13133
6 12 72 0.800000 0.040000 72 1 14.333333 53.166668 -0.166667 12 21453 1433 648 12 23534
6 12 72 0.800000 0.040000 72 1 14.333333 53.166668 -0.166667 12 21453 1433 648 12 23534
6 12 72 0.800000 0.040000 72 1 14.333333 53.166668 -0.166667 12 21453 1433 648 12 23534
6 12 72 0.800000 0.040000 72 1 16.333334 54.333332 -0.166667 13 8149 1541 251 13 9941
6 12 72 0.800000 0.040000 72 1 16.333334 54.333332 -0.166667 13 8149 1541 251 13 9941
6 12 72 0.800000 0.040000 72 1 15.000000 51.500000 -0.166667 14 2051 883 107 14 3041
6 12 72 0.800000 0.040000 72 1 13.166667 52.333332 -0.166667 12 2506 800 26 12 3332
6 12 72 0.800000 0.040000 72 1 17.000000 54.166668 -0.166667 12 14993 1984 538 12 17515
6 12 72 0.800000 0.040000 72 1 14.666667 49.833332 -0.166667 14 3908 1025 135 14 5068
6 12 72 0.800000 0.040000 72 1 14.666667 49.833332 -0.166667 14 3908 1025 135 14 5068
6 12 72 0.800000 0.040000 72 1 16.500000 55.500000 -0.166667 12 4525 1658 325 12 6508
6 12 72 0.800000 0.040000 72 1 16.500000 55.500000 -0.166667 12 4525 1658 325 12 6508
6 12 72 0.800000 0.040000 72 1 12.166667 52.000000 -0.166667 13 4345 932 62 13 5339
6 12 72 0.800000 0.040000 72 1 12.166667 52.000000 -0.166667 13 4345 932 62 13 5339
6 12 72 0.800000 0.040000 72 1 12.666667 54.333332 -0.166667 11 2156 586 11 11 2753
6 12 72 0.800000 0.040000 72 1 12.666667 54.333332 -0.166667 11 2156 586 11 11 2753
6 12 72 0.800000 0.040000 72 1 15.833333 54.333332 -0.166667 12 18574 1923 821 12 21318
6 12 72 0.800000 0.040000 72 1 15.500000 55.166668 -0.166667 12 5437 1292 159 12 6888
6 12 72 0.800000 0.040000 72 1 15.500000 55.166668 -0.166667 12 5437 1292 159 12 6888
6 12 72 0.800000 0.040000 72 1 15.333333 54.166668 -0.166667 11 15267 1376 214 11 16857
6 12 72 0.800000 0.040000 72 1 15.333333 54.166668 -0.166667 11 15267 1376 214 11 16857
6 12 72 0.800000 0.040000 72 1 15.333333 54.166668 -0.166667 11 15267 1376 214 11 16857
6 12 72 0.800000 0.040000 72 1 12.666667 50.500000 -0.166667 13 2636 1240 160 13 4036
6 12 72 0.800000 0.040000 72 1 12.666667 50.500000 -0.166667 13 2636 1240 160 13 4036
6 12 72 0.800000 0.040000 72 1 11.666667 54.166668 -0.166667 11 6781 870 181 11 7832
6 12 72 0.800000 0.040000 72 1 11.666667 54.166668 -0.166667 11 6781 870 181 11 7832
6 12 72 0.800000 0.040000 72 1 13.666667 52.166668 -0.166667 12 14228 1862 660 12 16750
6 12 72 0.800000 0.040000 72 1 15.833333 54.333332 -0.166667 12 18574 1923 821 12 21318
6 12 72 0.800000 0.040000 72 1 13.666667 52.166668 -0.166667 12 14228 1862 660 12 16750
6 12 72 0.800000 0.040000 72 1 14.333333 55.166668 -0.166667 12 3872 871 151 12 4894
6 12 72 0.800000 0.040000 72 1 14.333333 55.166668 -0.166667 12 3872 871 151 12 4894
6 12 72 0.800000 0.040000 72 1 10.500000 52.333332 -0.166667 12 1292 564 15 12 1871
6 12 72 0.800000 0.040000 72 1 10.500000 52.333332 -0.166667 12 1292 564 15 12 1871
6 12 72 0.800000 0.040000 72 1 14.166667 52.166668 -0.166667 17 1390 755 87 17 2232
6 12 72 0.800000 0.040000 72 1 14.166667 52.166668 -0.166667 17 1390 755 87 17 2232
6 12 72 0.800000 0.040000 72 1 15.333333 50.000000 -0.166667 11 22392 2009 359 11 24760
6 12 72 0.800000 0.040000 72 1 15.333333 50.000000 -0.166667 11 22392 2009 359 11 24760
6 12 72 0.800000 0.040000 72 1 14.000000 52.666668 -0.166667 14 13846 1421 1033 14 16300
