4 12 48 0.820000 0.020000 48 1 2.250000 53.000000 -0.250000 9 1213 337 46 9 1596
4 12 48 0.820000 0.020000 48 1 2.250000 53.000000 -0.250000 9 1213 337 46 9 1596
4 12 48 0.820000 0.020000 48 1 4.750000 55.750000 -0.250000 11 3623 1090 457 11 5170
4 12 48 0.820000 0.020000 48 1 4.000000 53.750000 -0.250000 4 12 48 0.820000 0.020000 48 1 4.000000 53.750000 -0.250000 4 12 48 0.820000 0.020000 48 1 5.000000 54.750000 -0.250000 11 3727 875 470 11 5072
4 12 48 0.820000 0.020000 48 1 5.000000 54.750000 -0.250000 11 3727 875 470 11 5072
4 12 48 0.820000 0.020000 48 1 6.000000 56.000000 -0.250000 9 12879 655 553 9 14087
4 12 48 0.820000 0.020000 48 1 6.000000 56.000000 -0.250000 9 12879 655 553 9 14087
4 12 48 0.820000 0.020000 48 1 4.750000 51.000000 -0.250000 9 56713 4833 4043 9 65589
4 12 48 0.820000 0.020000 48 1 4.750000 51.000000 -0.250000 9 56713 4833 4043 9 65589
4 12 48 0.820000 0.020000 48 1 3.750000 56.000000 -0.250000 9 8292 1773 379 9 10444
4 12 48 0.820000 0.020000 48 1 6.000000 51.000000 -0.250000 10 2095 523 118 10 2736
4 12 48 0.820000 0.020000 48 1 3.750000 56.000000 -0.250000 9 8292 1773 379 9 10444
4 12 48 0.820000 0.020000 48 1 3.750000 55.250000 -0.250000 10 2143 664 99 10 2906
4 12 48 0.820000 0.020000 48 1 3.750000 55.250000 -0.250000 10 2143 664 99 10 2906
4 12 48 0.820000 0.020000 48 1 3.750000 55.250000 -0.250000 10 2143 664 99 10 2906
4 12 48 0.820000 0.020000 48 1 5.750000 53.500000 -0.250000 9 1694 548 43 9 2285
4 12 48 0.820000 0.020000 48 1 5.750000 53.500000 -0.250000 9 1694 548 43 9 2285
4 12 48 0.820000 0.020000 48 1 3.750000 51.750000 -0.250000 10 15238 1210 377 10 16825
4 12 48 0.820000 0.020000 48 1 3.750000 55.500000 -0.250000 11 1803 427 29 11 2259
4 12 48 0.820000 0.020000 48 1 4.750000 55.000000 -0.250000 12 6541 983 806 12 8330
4 12 48 0.820000 0.020000 48 1 4.750000 55.000000 -0.250000 12 6541 983 806 12 8330
4 12 48 0.820000 0.020000 48 1 6.000000 51.000000 -0.250000 10 2095 523 118 10 2736
4 12 48 0.820000 0.020000 48 1 4.000000 52.500000 -0.250000 10 4569 582 477 10 5628
4 12 48 0.820000 0.020000 48 1 4.000000 52.500000 -0.250000 10 4569 582 477 10 5628
4 12 48 0.820000 0.020000 48 1 3.250000 53.750000 -0.250000 8 743 390 4 8 1137
4 12 48 0.820000 0.020000 48 1 3.250000 53.750000 -0.250000 8 743 390 4 8 1137
4 12 48 0.820000 0.020000 48 1 3.500000 56.750000 -0.250000 11 3320 731 296 11 4347
4 12 48 0.820000 0.020000 48 1 3.500000 56.750000 -0.250000 11 3320 731 296 11 4347
4 12 48 0.820000 0.020000 48 1 5.250000 55.750000 -0.250000 9 2313 425 92 9 2830
4 12 48 0.820000 0.020000 48 1 5.250000 55.750000 -0.250000 9 2313 425 92 9 2830
4 12 48 0.820000 0.020000 48 1 4.750000 54.250000 -0.250000 4 12 48 0.820000 0.020000 48 1 4.750000 54.250000 -0.250000 4 12 48 0.820000 0.020000 48 1 6.000000 51.000000 -0.250000 10 2095 523 118 10 2736
4 12 48 0.820000 0.020000 48 1 4.750000 54.250000 -0.250000 4 12 48 0.820000 0.020000 48 1 5.750000 53.250000 -0.250000 8 1797 421 111 8 2329
4 12 48 0.820000 0.020000 48 1 5.750000 53.250000 -0.250000 8 1797 421 111 8 2329
4 12 48 0.820000 0.020000 48 1 5.500000 53.500000 -0.250000 9 1682 574 104 9 2360
4 12 48 0.820000 0.020000 48 1 4.500000 53.250000 -0.250000 8 2703 587 50 8 3340
4 12 48 0.820000 0.020000 48 1 4.500000 53.500000 -0.250000 9 935 245 0 9 1180
4 12 48 0.820000 0.020000 48 1 4.500000 53.500000 -0.250000 9 935 245 0 9 1180
4 12 48 0.820000 0.020000 48 1 4.250000 54.500000 -0.250000 7 6488 955 0 7 7443
4 12 48 0.820000 0.020000 48 1 4.250000 54.500000 -0.250000 7 6488 955 0 7 7443
4 12 48 0.820000 0.020000 48 1 6.250000 54.750000 -0.250000 12 24692 1871 3027 12 29590
4 12 48 0.820000 0.020000 48 1 4.250000 53.250000 -0.250000 9 2559 460 111 9 3130
4 12 48 0.820000 0.020000 48 1 6.250000 54.750000 -0.250000 12 24692 1871 3027 12 29590
4 12 48 0.820000 0.020000 48 1 4.500000 55.500000 -0.250000 11 11799 1617 823 11 14239
4 12 48 0.820000 0.020000 48 1 4.500000 55.500000 -0.250000 11 11799 1617 823 11 14239
4 12 48 0.820000 0.020000 48 1 3.750000 54.500000 -0.250000 4 12 48 0.820000 0.020000 48 1 3.750000 54.500000 -0.250000 4 12 48 0.820000 0.020000 48 1 5.750000 51.250000 -0.250000 11 5910 756 681 11 7347
4 12 48 0.820000 0.020000 48 1 5.750000 51.250000 -0.250000 11 5910 756 681 11 7347
4 12 48 0.820000 0.020000 48 1 5.750000 54.750000 -0.250000 9 525 246 6 9 777
4 12 48 0.820000 0.020000 48 1 5.750000 54.750000 -0.250000 9 525 246 6 9 777
4 12 48 0.820000 0.020000 48 1 5.750000 54.750000 -0.250000 9 525 246 6 9 777
4 12 48 0.820000 0.020000 48 1 4.250000 53.250000 -0.250000 9 2559 460 111 9 3130
4 12 48 0.820000 0.020000 48 1 6.000000 51.750000 -0.250000 7 2059 443 57 7 2559
4 12 48 0.820000 0.020000 48 1 6.000000 51.750000 -0.250000 7 2059 443 57 7 2559
4 12 48 0.820000 0.020000 48 1 5.000000 54.500000 -0.250000 10 2814 666 216 10 3696
4 12 48 0.820000 0.020000 48 1 5.000000 54.500000 -0.250000 10 2814 666 216 10 3696
4 12 48 0.820000 0.020000 48 1 4.500000 54.750000 -0.250000 9 22537 1700 1602 9 25839
4 12 48 0.820000 0.020000 48 1 4.500000 54.750000 -0.250000 9 22537 1700 1602 9 25839
4 12 48 0.820000 0.020000 48 1 3.750000 54.750000 -0.250000 8 2078 491 42 8 2611
4 12 48 0.820000 0.020000 48 1 3.750000 54.750000 -0.250000 8 2078 491 42 8 2611
4 12 48 0.820000 0.020000 48 1 4.750000 56.250000 -0.250000 9 6081 770 263 9 7114
4 12 48 0.820000 0.020000 48 1 4.750000 56.250000 -0.250000 9 6081 770 263 9 7114
4 12 48 0.820000 0.020000 48 1 4.500000 54.500000 -0.250000 9 1057 274 33 9 1364
4 12 48 0.820000 0.020000 48 1 4.250000 50.750000 -0.250000 7 3537 711 77 7 4325
4 12 48 0.820000 0.020000 48 1 4.250000 50.750000 -0.250000 7 3537 711 77 7 4325
4 12 48 0.820000 0.020000 48 1 4.500000 55.500000 -0.250000 9 3443 517 123 9 4083
4 12 48 0.820000 0.020000 48 1 4.500000 55.500000 -0.250000 9 3443 517 123 9 4083
4 12 48 0.820000 0.020000 48 1 5.500000 55.500000 -0.250000 10 9952 1375 702 10 12029
4 12 48 0.820000 0.020000 48 1 5.500000 55.500000 -0.250000 10 9952 1375 702 10 12029
4 12 48 0.820000 0.020000 48 1 3.250000 56.000000 -0.250000 8 11469 1655 569 8 13693
4 12 48 0.820000 0.020000 48 1 3.250000 56.000000 -0.250000 8 11469 1655 569 8 13693
4 12 48 0.820000 0.020000 48 1 3.250000 56.000000 -0.250000 8 11469 1655 569 8 13693
4 12 48 0.820000 0.020000 48 1 4.500000 55.500000 -0.250000 8 1569 549 93 8 2211
4 12 48 0.820000 0.020000 48 1 4.750000 56.500000 -0.250000 10 9912 1450 709 10 12071
4 12 48 0.820000 0.020000 48 1 4.500000 55.500000 -0.250000 8 1569 549 93 8 2211
4 12 48 0.820000 0.020000 48 1 4.500000 55.500000 -0.250000 8 18150 743 795 8 19688
4 12 48 0.820000 0.020000 48 1 4.500000 55.500000 -0.250000 8 18150 743 795 8 19688
4 12 48 0.820000 0.020000 48 1 5.500000 55.250000 -0.250000 10 21660 2314 1469 10 25443
4 12 48 0.820000 0.020000 48 1 5.500000 55.250000 -0.250000 10 21660 2314 1469 10 25443
4 12 48 0.820000 0.020000 48 1 5.250000 55.000000 -0.250000 9 2082 736 81 9 2899
4 12 48 0.820000 0.020000 48 1 5.250000 55.000000 -0.250000 9 2082 736 81 9 2899
4 12 48 0.820000 0.020000 48 1 4.000000 56.000000 -0.250000 4 12 48 0.820000 0.020000 48 1 4.000000 56.000000 -0.250000 4 12 48 0.820000 0.020000 48 1 6.250000 53.500000 -0.250000 9 3738 697 201 9 4636
4 12 48 0.820000 0.020000 48 1 4.750000 55.750000 -0.250000 11 3623 1090 457 11 5170
4 12 48 0.820000 0.020000 48 1 6.250000 53.500000 -0.250000 9 3738 697 201 9 4636
4 12 48 0.820000 0.020000 48 1 5.250000 55.000000 -0.250000 9 13147 1511 624 9 15282
4 12 48 0.820000 0.020000 48 1 5.250000 55.000000 -0.250000 9 13147 1511 624 9 15282
4 12 48 0.820000 0.020000 48 1 3.500000 53.250000 -0.250000 9 2511 820 92 9 3423
4 12 48 0.820000 0.020000 48 1 3.500000 53.250000 -0.250000 9 2511 820 92 9 3423
4 12 48 0.820000 0.020000 48 1 3.500000 53.250000 -0.250000 9 2511 820 92 9 3423
4 12 48 0.820000 0.020000 48 1 5.250000 55.750000 -0.250000 10 12338 1668 870 10 14876
4 12 48 0.820000 0.020000 48 1 5.250000 55.750000 -0.250000 10 12338 1668 870 10 14876
4 12 48 0.820000 0.020000 48 1 4.750000 54.500000 -0.250000 10 1783 471 139 10 2393
4 12 48 0.820000 0.020000 48 1 4.750000 54.500000 -0.250000 10 1783 471 139 10 2393
