4 18 72 0.800000 0.040000 72 1 16.000000 125.250000 -0.250000 10 4879 2126 319 10 7324
4 18 72 0.800000 0.040000 72 1 16.000000 125.250000 -0.250000 10 4879 2126 319 10 7324
4 18 72 0.800000 0.040000 72 1 22.500000 125.000000 -0.250000 10 37069 3686 1701 10 42456
4 18 72 0.800000 0.040000 72 1 19.250000 125.000000 -0.250000 8 25124 2434 369 8 27927
4 18 72 0.800000 0.040000 72 1 19.250000 125.000000 -0.250000 8 25124 2434 369 8 27927
4 18 72 0.800000 0.040000 72 1 15.500000 124.750000 -0.250000 9 11783 1285 356 9 13424
4 18 72 0.800000 0.040000 72 1 15.500000 124.750000 -0.250000 9 11783 1285 356 9 13424
4 18 72 0.800000 0.040000 72 1 24.000000 120.750000 -0.250000 10 18114 1718 531 10 20363
4 18 72 0.800000 0.040000 72 1 24.000000 120.750000 -0.250000 10 18114 1718 531 10 20363
4 18 72 0.800000 0.040000 72 1 20.500000 120.750000 -0.250000 11 2170 724 68 11 2962
4 18 72 0.800000 0.040000 72 1 20.500000 120.750000 -0.250000 11 2170 724 68 11 2962
4 18 72 0.800000 0.040000 72 1 21.500000 122.250000 -0.250000 12 8360 1686 365 12 10411
4 18 72 0.800000 0.040000 72 1 19.250000 115.500000 -0.250000 9 10631 2668 434 9 13733
4 18 72 0.800000 0.040000 72 1 21.500000 122.250000 -0.250000 12 8360 1686 365 12 10411
4 18 72 0.800000 0.040000 72 1 22.250000 127.000000 -0.250000 9 5474 1463 48 9 6985
4 18 72 0.800000 0.040000 72 1 22.250000 127.000000 -0.250000 9 5474 1463 48 9 6985
4 18 72 0.800000 0.040000 72 1 22.000000 125.250000 -0.250000 10 951 829 8 10 1788
4 18 72 0.800000 0.040000 72 1 22.000000 125.250000 -0.250000 10 951 829 8 10 1788
4 18 72 0.800000 0.040000 72 1 22.000000 125.250000 -0.250000 10 951 829 8 10 1788
4 18 72 0.800000 0.040000 72 1 17.500000 123.500000 -0.250000 10 2850 811 22 10 3683
4 18 72 0.800000 0.040000 72 1 17.500000 123.500000 -0.250000 10 2850 811 22 10 3683
4 18 72 0.800000 0.040000 72 1 23.750000 117.750000 -0.250000 11 1143 1195 14 11 2352
4 18 72 0.800000 0.040000 72 1 23.750000 117.750000 -0.250000 11 1143 1195 14 11 2352
4 18 72 0.800000 0.040000 72 1 17.500000 121.750000 -0.250000 8 36006 4515 0 8 40521
4 18 72 0.800000 0.040000 72 1 22.250000 120.000000 -0.250000 9 9937 2319 134 9 12390
4 18 72 0.800000 0.040000 72 1 22.250000 120.000000 -0.250000 9 9937 2319 134 9 12390
4 18 72 0.800000 0.040000 72 1 16.000000 121.250000 -0.250000 7 29091 3198 0 7 32289
4 18 72 0.800000 0.040000 72 1 16.000000 121.250000 -0.250000 7 29091 3198 0 7 32289
4 18 72 0.800000 0.040000 72 1 17.000000 118.750000 -0.250000 9 1173 639 37 9 1849
4 18 72 0.800000 0.040000 72 1 17.000000 118.750000 -0.250000 9 1173 639 37 9 1849
4 18 72 0.800000 0.040000 72 1 21.500000 122.250000 -0.250000 10 2171 1524 21 10 3716
4 18 72 0.800000 0.040000 72 1 21.500000 122.250000 -0.250000 10 2171 1524 21 10 3716
4 18 72 0.800000 0.040000 72 1 19.250000 119.500000 -0.250000 9 95045 5616 0 9 100661
4 18 72 0.800000 0.040000 72 1 19.250000 119.500000 -0.250000 9 95045 5616 0 9 100661
4 18 72 0.800000 0.040000 72 1 18.750000 125.500000 -0.250000 10 12615 2474 797 10 15886
4 18 72 0.800000 0.040000 72 1 22.750000 124.750000 -0.250000 9 81611 11064 2538 9 95213
4 18 72 0.800000 0.040000 72 1 22.750000 124.750000 -0.250000 9 81611 11064 2538 9 95213
4 18 72 0.800000 0.040000 72 1 21.000000 116.750000 -0.250000 9 20707 3448 306 9 24461
4 18 72 0.800000 0.040000 72 1 21.000000 116.750000 -0.250000 9 20707 3448 306 9 24461
4 18 72 0.800000 0.040000 72 1 21.000000 116.750000 -0.250000 9 20707 3448 306 9 24461
4 18 72 0.800000 0.040000 72 1 22.750000 115.750000 -0.250000 11 2798 1821 58 11 4677
4 18 72 0.800000 0.040000 72 1 22.750000 115.750000 -0.250000 11 2798 1821 58 11 4677
4 18 72 0.800000 0.040000 72 1 22.000000 120.250000 -0.250000 11 9485 2555 765 11 12805
4 18 72 0.800000 0.040000 72 1 22.000000 120.250000 -0.250000 11 9485 2555 765 11 12805
4 18 72 0.800000 0.040000 72 1 20.250000 124.750000 -0.250000 10 16545 3205 453 10 20203
4 18 72 0.800000 0.040000 72 1 18.250000 124.250000 -0.250000 9 3999 1654 96 9 5749
4 18 72 0.800000 0.040000 72 1 20.250000 124.750000 -0.250000 10 16545 3205 453 10 20203
4 18 72 0.800000 0.040000 72 1 16.000000 124.000000 -0.250000 12 955502 126170 0 12 1081672
4 18 72 0.800000 0.040000 72 1 16.000000 124.000000 -0.250000 12 955502 126170 0 12 1081672
4 18 72 0.800000 0.040000 72 1 18.000000 121.500000 -0.250000 10 2624 1296 46 10 3966
4 18 72 0.800000 0.040000 72 1 18.000000 121.500000 -0.250000 10 2624 1296 46 10 3966
4 18 72 0.800000 0.040000 72 1 17.000000 121.000000 -0.250000 8 2232 1204 14 8 3450
4 18 72 0.800000 0.040000 72 1 17.000000 121.000000 -0.250000 8 2232 1204 14 8 3450
4 18 72 0.800000 0.040000 72 1 21.500000 122.000000 -0.250000 10 9947 2987 150 10 13084
4 18 72 0.800000 0.040000 72 1 21.500000 122.000000 -0.250000 10 9947 2987 150 10 13084
4 18 72 0.800000 0.040000 72 1 22.000000 120.500000 -0.250000 8 1125 780 0 8 1905
4 18 72 0.800000 0.040000 72 1 18.750000 125.500000 -0.250000 10 12615 2474 797 10 15886
4 18 72 0.800000 0.040000 72 1 22.000000 120.500000 -0.250000 8 1125 780 0 8 1905
4 18 72 0.800000 0.040000 72 1 22.000000 120.500000 -0.250000 8 1125 780 0 8 1905
4 18 72 0.800000 0.040000 72 1 20.500000 127.250000 -0.250000 10 19959 2441 585 10 22985
4 18 72 0.800000 0.040000 72 1 20.500000 127.250000 -0.250000 10 19959 2441 585 10 22985
4 18 72 0.800000 0.040000 72 1 18.500000 124.500000 -0.250000 8 3584 1705 65 8 5354
4 18 72 0.800000 0.040000 72 1 18.500000 124.500000 -0.250000 8 3584 1705 65 8 5354
4 18 72 0.800000 0.040000 72 1 18.250000 123.500000 -0.250000 10 4728 1521 184 10 6433
4 18 72 0.800000 0.040000 72 1 18.250000 123.500000 -0.250000 10 4728 1521 184 10 6433
4 18 72 0.800000 0.040000 72 1 21.750000 124.750000 -0.250000 8 62504 4060 888 8 67452
4 18 72 0.800000 0.040000 72 1 21.750000 124.750000 -0.250000 8 62504 4060 888 8 67452
4 18 72 0.800000 0.040000 72 1 18.500000 121.250000 -0.250000 10 3079 1636 54 10 4769
4 18 72 0.800000 0.040000 72 1 23.000000 123.750000 -0.250000 11 7423 1580 309 11 9312
4 18 72 0.800000 0.040000 72 1 23.000000 123.750000 -0.250000 11 7423 1580 309 11 9312
4 18 72 0.800000 0.040000 72 1 20.500000 118.500000 -0.250000 9 9576 1451 142 9 11169
4 18 72 0.800000 0.040000 72 1 20.500000 118.500000 -0.250000 9 9576 1451 142 9 11169
4 18 72 0.800000 0.040000 72 1 21.250000 124.750000 -0.250000 11 790 728 32 11 1550
4 18 72 0.800000 0.040000 72 1 21.250000 124.750000 -0.250000 11 790 728 32 11 1550
4 18 72 0.800000 0.040000 72 1 17.000000 120.000000 -0.250000 10 2550 1339 101 10 3990
4 18 72 0.800000 0.040000 72 1 17.000000 120.000000 -0.250000 10 2550 1339 101 10 3990
4 18 72 0.800000 0.040000 72 1 16.750000 122.750000 -0.250000 10 6236 1496 226 10 7958
4 18 72 0.800000 0.040000 72 1 16.750000 122.750000 -0.250000 10 6236 1496 226 10 7958
4 18 72 0.800000 0.040000 72 1 18.500000 121.250000 -0.250000 10 3079 1636 54 10 4769
4 18 72 0.800000 0.040000 72 1 16.750000 122.750000 -0.250000 10 6236 1496 226 10 7958
4 18 72 0.800000 0.040000 72 1 22.250000 126.500000 -0.250000 10 10519 1961 281 10 12761
4 18 72 0.800000 0.040000 72 1 22.250000 126.500000 -0.250000 10 10519 1961 281 10 12761
4 18 72 0.800000 0.040000 72 1 20.750000 126.000000 -0.250000 9 16672 4081 198 9 20951
4 18 72 0.800000 0.040000 72 1 20.750000 126.000000 -0.250000 9 16672 4081 198 9 20951
4 18 72 0.800000 0.040000 72 1 16.500000 122.250000 -0.250000 12 793 736 9 12 1538
4 18 72 0.800000 0.040000 72 1 16.500000 122.250000 -0.250000 12 793 736 9 12 1538
4 18 72 0.800000 0.040000 72 1 15.750000 125.250000 -0.250000 10 2578 1275 26 10 3879
4 18 72 0.800000 0.040000 72 1 15.750000 125.250000 -0.250000 10 2578 1275 26 10 3879
4 18 72 0.800000 0.040000 72 1 17.500000 125.250000 -0.250000 11 64230 5842 4912 11 74984
4 18 72 0.800000 0.040000 72 1 22.500000 125.000000 -0.250000 10 37069 3686 1701 10 42456
4 18 72 0.800000 0.040000 72 1 17.500000 125.250000 -0.250000 11 64230 5842 4912 11 74984
4 18 72 0.800000 0.040000 72 1 18.750000 125.000000 -0.250000 11 44018 1816 0 11 45834
4 18 72 0.800000 0.040000 72 1 18.750000 125.000000 -0.250000 11 44018 1816 0 11 45834
4 18 72 0.800000 0.040000 72 1 14.250000 117.250000 -0.250000 11 3275 1207 92 11 4574
4 18 72 0.800000 0.040000 72 1 14.250000 117.250000 -0.250000 11 3275 1207 92 11 4574
4 18 72 0.800000 0.040000 72 1 19.500000 121.000000 -0.250000 8 61929 7305 919 8 70153
4 18 72 0.800000 0.040000 72 1 19.500000 121.000000 -0.250000 8 61929 7305 919 8 70153
4 18 72 0.800000 0.040000 72 1 19.500000 121.000000 -0.250000 8 61929 7305 919 8 70153
4 18 72 0.800000 0.040000 72 1 21.000000 119.500000 -0.250000 10 25512 4291 826 10 30629
4 18 72 0.800000 0.040000 72 1 21.000000 119.500000 -0.250000 10 25512 4291 826 10 30629
