2 12 24 0.800000 0.040000 24 1 4.000000 50.500000 -0.500000 6 754 408 70 6 1232
2 12 24 0.800000 0.040000 24 1 3.000000 58.000000 -0.500000 6 3136 647 274 6 4057
2 12 24 0.800000 0.040000 24 1 3.000000 52.000000 -0.500000 5 6970 1692 643 5 9305
2 12 24 0.800000 0.040000 24 1 3.000000 52.500000 -0.500000 5 3557 884 186 5 4627
2 12 24 0.800000 0.040000 24 1 3.000000 52.500000 -0.500000 5 3557 884 186 5 4627
2 12 24 0.800000 0.040000 24 1 5.000000 55.000000 -0.500000 4 2683 375 114 4 3172
2 12 24 0.800000 0.040000 24 1 5.000000 55.000000 -0.500000 4 2683 375 114 4 3172
2 12 24 0.800000 0.040000 24 1 5.000000 55.000000 -0.500000 4 2683 375 114 4 3172
2 12 24 0.800000 0.040000 24 1 6.000000 53.500000 -0.500000 6 1804598 315907 193586 6 2314091
2 12 24 0.800000 0.040000 24 1 6.000000 53.500000 -0.500000 6 1804598 315907 193586 6 2314091
2 12 24 0.800000 0.040000 24 1 3.000000 45.500000 -0.500000 5 1135 338 57 5 1530
2 12 24 0.800000 0.040000 24 1 3.000000 45.500000 -0.500000 5 1135 338 57 5 1530
2 12 24 0.800000 0.040000 24 1 3.000000 58.000000 -0.500000 6 3136 647 274 6 4057
2 12 24 0.800000 0.040000 24 1 0.500000 51.500000 -0.500000 5 9357 595 424 5 10376
2 12 24 0.800000 0.040000 24 1 0.500000 51.500000 -0.500000 5 9357 595 424 5 10376
2 12 24 0.800000 0.040000 24 1 2.500000 55.500000 -0.500000 5 613 217 28 5 858
2 12 24 0.800000 0.040000 24 1 2.500000 55.500000 -0.500000 5 613 217 28 5 858
2 12 24 0.800000 0.040000 24 1 3.000000 54.000000 -0.500000 4 3642 461 183 4 4286
2 12 24 0.800000 0.040000 24 1 3.000000 54.000000 -0.500000 4 3642 461 183 4 4286
2 12 24 0.800000 0.040000 24 1 2.000000 53.000000 -0.500000 4 1109 296 0 4 1405
2 12 24 0.800000 0.040000 24 1 2.000000 53.000000 -0.500000 4 1109 296 0 4 1405
2 12 24 0.800000 0.040000 24 1 1.500000 54.000000 -0.500000 5 1097 429 37 5 1563
2 12 24 0.800000 0.040000 24 1 1.500000 54.000000 -0.500000 5 1097 429 37 5 1563
2 12 24 0.800000 0.040000 24 1 3.500000 52.500000 -0.500000 6 654 275 39 6 968
2 12 24 0.800000 0.040000 24 1 3.500000 51.000000 -0.500000 5 1027 193 94 5 1314
2 12 24 0.800000 0.040000 24 1 3.500000 51.000000 -0.500000 5 1027 193 94 5 1314
2 12 24 0.800000 0.040000 24 1 1.500000 51.500000 -0.500000 5 618 265 8 5 891
2 12 24 0.800000 0.040000 24 1 1.500000 51.500000 -0.500000 5 618 265 8 5 891
2 12 24 0.800000 0.040000 24 1 1.500000 51.500000 -0.500000 5 618 265 8 5 891
2 12 24 0.800000 0.040000 24 1 2.500000 54.000000 -0.500000 2 12 24 0.800000 0.040000 24 1 2.500000 54.000000 -0.500000 2 12 24 0.800000 0.040000 24 1 2.500000 55.500000 -0.500000 2 12 24 0.800000 0.040000 24 1 2.500000 55.500000 -0.500000 2 12 24 0.800000 0.040000 24 1 4.500000 56.000000 -0.500000 5 272317 61187 14485 5 347989
2 12 24 0.800000 0.040000 24 1 3.500000 52.500000 -0.500000 6 654 275 39 6 968
2 12 24 0.800000 0.040000 24 1 4.500000 56.000000 -0.500000 5 272317 61187 14485 5 347989
2 12 24 0.800000 0.040000 24 1 4.000000 53.000000 -0.500000 5 236255 36988 11716 5 284959
2 12 24 0.800000 0.040000 24 1 4.000000 53.000000 -0.500000 5 236255 36988 11716 5 284959
2 12 24 0.800000 0.040000 24 1 5.500000 51.000000 -0.500000 2 12 24 0.800000 0.040000 24 1 5.500000 51.000000 -0.500000 2 12 24 0.800000 0.040000 24 1 2.000000 50.000000 -0.500000 5 344 172 9 5 525
2 12 24 0.800000 0.040000 24 1 2.000000 50.000000 -0.500000 5 344 172 9 5 525
2 12 24 0.800000 0.040000 24 1 2.000000 56.500000 -0.500000 5 10685 1951 1085 5 13721
2 12 24 0.800000 0.040000 24 1 2.000000 56.500000 -0.500000 5 10685 1951 1085 5 13721
2 12 24 0.800000 0.040000 24 1 4.000000 54.500000 -0.500000 5 167270 32355 8603 5 208228
2 12 24 0.800000 0.040000 24 1 2.000000 56.500000 -0.500000 5 18646 3308 949 5 22903
2 12 24 0.800000 0.040000 24 1 4.000000 54.500000 -0.500000 5 167270 32355 8603 5 208228
2 12 24 0.800000 0.040000 24 1 4.000000 54.500000 -0.500000 5 167270 32355 8603 5 208228
2 12 24 0.800000 0.040000 24 1 5.000000 56.000000 -0.500000 6 590023 145092 66109 6 801224
2 12 24 0.800000 0.040000 24 1 5.000000 56.000000 -0.500000 6 590023 145092 66109 6 801224
2 12 24 0.800000 0.040000 24 1 5.000000 56.000000 -0.500000 4 3498 342 142 4 3982
2 12 24 0.800000 0.040000 24 1 5.000000 56.000000 -0.500000 4 3498 342 142 4 3982
2 12 24 0.800000 0.040000 24 1 1.500000 55.000000 -0.500000 2 12 24 0.800000 0.040000 24 1 3.500000 49.500000 -0.500000 5 581 307 51 5 939
2 12 24 0.800000 0.040000 24 1 1.500000 55.500000 -0.500000 4 41762 8175 0 4 49937
2 12 24 0.800000 0.040000 24 1 1.500000 55.500000 -0.500000 4 41762 8175 0 4 49937
2 12 24 0.800000 0.040000 24 1 5.500000 50.000000 -0.500000 4 2566 387 113 4 3066
2 12 24 0.800000 0.040000 24 1 3.500000 54.500000 -0.500000 5 1300 619 74 5 1993
2 12 24 0.800000 0.040000 24 1 2.000000 55.500000 -0.500000 4 3602 333 0 4 3935
2 12 24 0.800000 0.040000 24 1 4.500000 56.000000 -0.500000 4 26699 3086 0 4 29785
2 12 24 0.800000 0.040000 24 1 4.500000 56.000000 -0.500000 4 26699 3086 0 4 29785
2 12 24 0.800000 0.040000 24 1 3.000000 51.000000 -0.500000 5 737 209 36 5 982
2 12 24 0.800000 0.040000 24 1 3.000000 51.000000 -0.500000 5 737 209 36 5 982
2 12 24 0.800000 0.040000 24 1 3.500000 53.000000 -0.500000 5 537159 77623 26706 5 641488
2 12 24 0.800000 0.040000 24 1 3.500000 53.000000 -0.500000 5 537159 77623 26706 5 641488
2 12 24 0.800000 0.040000 24 1 4.500000 52.500000 -0.500000 3 3524 415 158 3 4097
2 12 24 0.800000 0.040000 24 1 4.500000 52.500000 -0.500000 3 3524 415 158 3 4097
2 12 24 0.800000 0.040000 24 1 1.000000 52.500000 -0.500000 6 1730 656 175 6 2561
2 12 24 0.800000 0.040000 24 1 4.500000 52.500000 -0.500000 3 3524 415 158 3 4097
2 12 24 0.800000 0.040000 24 1 4.500000 55.500000 -0.500000 6 1599 881 281 6 2761
2 12 24 0.800000 0.040000 24 1 4.500000 55.500000 -0.500000 6 1599 881 281 6 2761
2 12 24 0.800000 0.040000 24 1 3.000000 49.500000 -0.500000 5 32688 5787 1637 5 40112
2 12 24 0.800000 0.040000 24 1 3.000000 49.500000 -0.500000 5 32688 5787 1637 5 40112
2 12 24 0.800000 0.040000 24 1 4.000000 55.500000 -0.500000 5 4412 922 430 5 5764
2 12 24 0.800000 0.040000 24 1 4.000000 55.500000 -0.500000 5 4412 922 430 5 5764
2 12 24 0.800000 0.040000 24 1 2.000000 52.000000 -0.500000 5 15562 2996 0 5 18558
2 12 24 0.800000 0.040000 24 1 2.000000 52.000000 -0.500000 5 15562 2996 0 5 18558
2 12 24 0.800000 0.040000 24 1 3.500000 51.000000 -0.500000 5 2275 462 82 5 2819
2 12 24 0.800000 0.040000 24 1 1.000000 52.500000 -0.500000 6 1730 656 175 6 2561
2 12 24 0.800000 0.040000 24 1 3.500000 51.000000 -0.500000 5 2275 462 82 5 2819
2 12 24 0.800000 0.040000 24 1 2.500000 56.000000 -0.500000 6 49421 11887 8793 6 70101
2 12 24 0.800000 0.040000 24 1 2.500000 56.000000 -0.500000 6 49421 11887 8793 6 70101
2 12 24 0.800000 0.040000 24 1 4.500000 51.000000 -0.500000 2 12 24 0.800000 0.040000 24 1 4.500000 51.000000 -0.500000 2 12 24 0.800000 0.040000 24 1 4.000000 55.500000 -0.500000 6 1194 326 210 6 1730
2 12 24 0.800000 0.040000 24 1 4.000000 55.500000 -0.500000 6 1194 326 210 6 1730
2 12 24 0.800000 0.040000 24 1 4.000000 55.500000 -0.500000 6 1194 326 210 6 1730
2 12 24 0.800000 0.040000 24 1 1.500000 53.500000 -0.500000 6 4466 768 676 6 5910
2 12 24 0.800000 0.040000 24 1 1.500000 53.500000 -0.500000 6 4466 768 676 6 5910
2 12 24 0.800000 0.040000 24 1 0.500000 48.500000 -0.500000 2 12 24 0.800000 0.040000 24 1 6.000000 56.000000 -0.500000 6 354 237 32 6 623
2 12 24 0.800000 0.040000 24 1 6.000000 56.000000 -0.500000 6 354 237 32 6 623
2 12 24 0.800000 0.040000 24 1 2.000000 51.500000 -0.500000 4 296 208 1 4 505
2 12 24 0.800000 0.040000 24 1 2.000000 51.500000 -0.500000 4 296 208 1 4 505
2 12 24 0.800000 0.040000 24 1 2.000000 51.500000 -0.500000 4 847 396 0 4 1243
2 12 24 0.800000 0.040000 24 1 2.000000 51.500000 -0.500000 4 847 396 0 4 1243
2 12 24 0.800000 0.040000 24 1 1.500000 57.000000 -0.500000 4 259 178 0 4 437
2 12 24 0.800000 0.040000 24 1 1.500000 57.000000 -0.500000 4 259 178 0 4 437
2 12 24 0.800000 0.040000 24 1 3.000000 55.000000 -0.500000 2 12 24 0.800000 0.040000 24 1 3.000000 55.000000 -0.500000 