4 12 48 0.800000 0.040000 48 1 5.500000 52.750000 -0.250000 9 2096 648 109 9 2853
4 12 48 0.800000 0.040000 48 1 11.500000 51.750000 -0.250000 11 2133 848 123 11 3104
4 12 48 0.800000 0.040000 48 1 10.750000 53.500000 -0.250000 8 4288 993 263 8 5544
4 12 48 0.800000 0.040000 48 1 5.750000 53.000000 -0.250000 8 53715 5524 0 8 59239
4 12 48 0.800000 0.040000 48 1 5.750000 53.000000 -0.250000 8 53715 5524 0 8 59239
4 12 48 0.800000 0.040000 48 1 7.750000 53.750000 -0.250000 10 21048 2267 984 10 24299
4 12 48 0.800000 0.040000 48 1 7.750000 53.750000 -0.250000 10 21048 2267 984 10 24299
4 12 48 0.800000 0.040000 48 1 11.250000 54.000000 -0.250000 8 1474 611 95 8 2180
4 12 48 0.800000 0.040000 48 1 11.250000 54.000000 -0.250000 8 1474 611 95 8 2180
4 12 48 0.800000 0.040000 48 1 9.000000 50.250000 -0.250000 10 12263 1118 1443 10 14824
4 12 48 0.800000 0.040000 48 1 9.000000 50.250000 -0.250000 10 12263 1118 1443 10 14824
4 12 48 0.800000 0.040000 48 1 9.000000 50.250000 -0.250000 10 12263 1118 1443 10 14824
4 12 48 0.800000 0.040000 48 1 8.500000 52.250000 -0.250000 11 2004 495 139 11 2638
4 12 48 0.800000 0.040000 48 1 9.750000 53.750000 -0.250000 9 3194 1254 71 9 4519
4 12 48 0.800000 0.040000 48 1 9.750000 52.750000 -0.250000 7 2268 766 76 7 3110
4 12 48 0.800000 0.040000 48 1 13.000000 54.750000 -0.250000 8 3827 925 190 8 4942
4 12 48 0.800000 0.040000 48 1 13.000000 54.750000 -0.250000 8 3827 925 190 8 4942
4 12 48 0.800000 0.040000 48 1 8.750000 53.000000 -0.250000 10 1411 494 82 10 1987
4 12 48 0.800000 0.040000 48 1 8.750000 53.000000 -0.250000 10 1411 494 82 10 1987
4 12 48 0.800000 0.040000 48 1 7.500000 51.000000 -0.250000 11 1485 459 59 11 2003
4 12 48 0.800000 0.040000 48 1 6.750000 54.250000 -0.250000 8 2000 464 41 8 2505
4 12 48 0.800000 0.040000 48 1 6.750000 54.500000 -0.250000 9 4979 876 192 9 6047
4 12 48 0.800000 0.040000 48 1 10.500000 52.750000 -0.250000 9 898 483 26 9 1407
4 12 48 0.800000 0.040000 48 1 9.250000 49.250000 -0.250000 9 12823 1576 954 9 15353
4 12 48 0.800000 0.040000 48 1 11.250000 51.500000 -0.250000 9 7319 1028 0 9 8347
4 12 48 0.800000 0.040000 48 1 11.250000 51.500000 -0.250000 9 7319 1028 0 9 8347
4 12 48 0.800000 0.040000 48 1 7.750000 52.250000 -0.250000 9 17532 2554 414 9 20500
4 12 48 0.800000 0.040000 48 1 7.750000 52.250000 -0.250000 9 17532 2554 414 9 20500
4 12 48 0.800000 0.040000 48 1 6.750000 54.750000 -0.250000 9 34079 2583 2413 9 39075
4 12 48 0.800000 0.040000 48 1 6.750000 54.750000 -0.250000 9 34079 2583 2413 9 39075
4 12 48 0.800000 0.040000 48 1 10.750000 54.750000 -0.250000 8 3918 748 0 8 4666
4 12 48 0.800000 0.040000 48 1 10.750000 54.750000 -0.250000 8 3918 748 0 8 4666
4 12 48 0.800000 0.040000 48 1 10.750000 54.750000 -0.250000 8 3918 748 0 8 4666
4 12 48 0.800000 0.040000 48 1 10.000000 53.250000 -0.250000 9 3531 870 168 9 4569
4 12 48 0.800000 0.040000 48 1 9.250000 49.250000 -0.250000 9 12823 1576 954 9 15353
4 12 48 0.800000 0.040000 48 1 10.000000 53.250000 -0.250000 9 3531 870 168 9 4569
4 12 48 0.800000 0.040000 48 1 10.250000 52.500000 -0.250000 11 10564 1826 466 11 12856
4 12 48 0.800000 0.040000 48 1 10.250000 52.500000 -0.250000 11 10564 1826 466 11 12856
4 12 48 0.800000 0.040000 48 1 9.750000 52.000000 -0.250000 9 5137 837 435 9 6409
4 12 48 0.800000 0.040000 48 1 9.750000 52.000000 -0.250000 9 5137 837 435 9 6409
4 12 48 0.800000 0.040000 48 1 11.000000 52.250000 -0.250000 10 3792 982 451 10 5225
4 12 48 0.800000 0.040000 48 1 11.000000 52.250000 -0.250000 10 3792 982 451 10 5225
4 12 48 0.800000 0.040000 48 1 9.250000 54.000000 -0.250000 7 5430 969 113 7 6512
4 12 48 0.800000 0.040000 48 1 9.250000 54.000000 -0.250000 7 5430 969 113 7 6512
4 12 48 0.800000 0.040000 48 1 12.250000 53.750000 -0.250000 9 5576 1013 337 9 6926
4 12 48 0.800000 0.040000 48 1 9.500000 52.750000 -0.250000 10 3376 780 355 10 4511
4 12 48 0.800000 0.040000 48 1 12.250000 53.750000 -0.250000 9 5576 1013 337 9 6926
4 12 48 0.800000 0.040000 48 1 7.750000 54.000000 -0.250000 10 102701 13010 7640 10 123351
4 12 48 0.800000 0.040000 48 1 7.750000 54.000000 -0.250000 10 102701 13010 7640 10 123351
4 12 48 0.800000 0.040000 48 1 9.250000 53.250000 -0.250000 9 2332 542 99 9 2973
4 12 48 0.800000 0.040000 48 1 9.250000 53.250000 -0.250000 9 2332 542 99 9 2973
4 12 48 0.800000 0.040000 48 1 9.250000 50.000000 -0.250000 10 928 295 51 10 1274
4 12 48 0.800000 0.040000 48 1 9.250000 50.000000 -0.250000 10 928 295 51 10 1274
4 12 48 0.800000 0.040000 48 1 9.250000 50.000000 -0.250000 10 928 295 51 10 1274
4 12 48 0.800000 0.040000 48 1 9.500000 53.250000 -0.250000 11 5034 703 602 11 6339
4 12 48 0.800000 0.040000 48 1 9.500000 53.250000 -0.250000 11 5034 703 602 11 6339
4 12 48 0.800000 0.040000 48 1 9.500000 52.750000 -0.250000 10 3376 780 355 10 4511
4 12 48 0.800000 0.040000 48 1 9.750000 50.750000 -0.250000 9 19965 1945 834 9 22744
4 12 48 0.800000 0.040000 48 1 9.750000 50.750000 -0.250000 9 19965 1945 834 9 22744
4 12 48 0.800000 0.040000 48 1 10.000000 51.250000 -0.250000 8 2632 807 154 8 3593
4 12 48 0.800000 0.040000 48 1 10.000000 51.250000 -0.250000 8 2632 807 154 8 3593
4 12 48 0.800000 0.040000 48 1 8.750000 53.750000 -0.250000 10 2280 479 102 10 2861
4 12 48 0.800000 0.040000 48 1 8.750000 53.750000 -0.250000 10 2280 479 102 10 2861
4 12 48 0.800000 0.040000 48 1 8.000000 53.750000 -0.250000 11 1387 603 171 11 2161
4 12 48 0.800000 0.040000 48 1 8.000000 53.750000 -0.250000 11 1387 603 171 11 2161
4 12 48 0.800000 0.040000 48 1 8.000000 54.000000 -0.250000 8 5583 1175 274 8 7032
4 12 48 0.800000 0.040000 48 1 8.000000 54.000000 -0.250000 8 5583 1175 274 8 7032
4 12 48 0.800000 0.040000 48 1 8.000000 53.750000 -0.250000 11 2369 1003 240 11 3612
4 12 48 0.800000 0.040000 48 1 8.500000 52.000000 -0.250000 9 2128 462 80 9 2670
4 12 48 0.800000 0.040000 48 1 10.750000 49.250000 -0.250000 8 3246 783 72 8 4101
4 12 48 0.800000 0.040000 48 1 9.250000 54.750000 -0.250000 9 1214 448 44 9 1706
4 12 48 0.800000 0.040000 48 1 9.250000 54.750000 -0.250000 9 1214 448 44 9 1706
4 12 48 0.800000 0.040000 48 1 9.250000 54.750000 -0.250000 9 1214 448 44 9 1706
4 12 48 0.800000 0.040000 48 1 12.250000 54.500000 -0.250000 7 52229 4869 1239 7 58337
4 12 48 0.800000 0.040000 48 1 12.250000 54.500000 -0.250000 7 52229 4869 1239 7 58337
4 12 48 0.800000 0.040000 48 1 6.750000 54.250000 -0.250000 8 2007 553 0 8 2560
4 12 48 0.800000 0.040000 48 1 6.750000 54.250000 -0.250000 8 2007 553 0 8 2560
4 12 48 0.800000 0.040000 48 1 8.250000 54.500000 -0.250000 9 2716 634 115 9 3465
4 12 48 0.800000 0.040000 48 1 8.000000 53.750000 -0.250000 11 2369 1003 240 11 3612
4 12 48 0.800000 0.040000 48 1 8.250000 54.500000 -0.250000 9 2716 634 115 9 3465
4 12 48 0.800000 0.040000 48 1 10.250000 54.500000 -0.250000 8 7512 1145 338 8 8995
4 12 48 0.800000 0.040000 48 1 10.250000 54.500000 -0.250000 8 7512 1145 338 8 8995
4 12 48 0.800000 0.040000 48 1 10.750000 54.000000 -0.250000 10 26238 4600 2730 10 33568
4 12 48 0.800000 0.040000 48 1 10.750000 54.000000 -0.250000 10 26238 4600 2730 10 33568
4 12 48 0.800000 0.040000 48 1 8.250000 54.000000 -0.250000 9 9063 1408 420 9 10891
4 12 48 0.800000 0.040000 48 1 8.250000 54.000000 -0.250000 9 9063 1408 420 9 10891
4 12 48 0.800000 0.040000 48 1 7.750000 55.250000 -0.250000 8 19250 1618 850 8 21718
4 12 48 0.800000 0.040000 48 1 7.750000 55.250000 -0.250000 8 19250 1618 850 8 21718
4 12 48 0.800000 0.040000 48 1 10.750000 52.250000 -0.250000 10 694 382 0 10 1076
4 12 48 0.800000 0.040000 48 1 10.750000 53.500000 -0.250000 8 4288 993 263 8 5544
4 12 48 0.800000 0.040000 48 1 10.750000 52.250000 -0.250000 10 694 382 0 10 1076
4 12 48 0.800000 0.040000 48 1 8.250000 53.250000 -0.250000 9 2693 632 104 9 3429
4 12 48 0.800000 0.040000 48 1 8.250000 53.250000 -0.250000 9 2693 632 104 9 3429
4 12 48 0.800000 0.040000 48 1 8.250000 53.250000 -0.250000 9 2693 632 104 9 3429
4 12 48 0.800000 0.040000 48 1 6.750000 52.500000 -0.250000 11 6178 841 771 11 7790
4 12 48 0.800000 0.040000 48 1 6.750000 52.500000 -0.250000 11 6178 841 771 11 7790
4 12 48 0.800000 0.040000 48 1 9.500000 54.500000 -0.250000 9 10891 1209 1013 9 13113
4 12 48 0.800000 0.040000 48 1 9.500000 54.500000 -0.250000 9 10891 1209 1013 9 13113
4 12 48 0.800000 0.040000 48 1 8.500000 53.000000 -0.250000 4 12 48 0.800000 0.040000 48 1 8.500000 53.000000 -0.250000 